Title:
Authors:
Table:
================================================================================
Byte-by-byte Description of file: table.dat
--------------------------------------------------------------------------------
 Bytes Format Units  Label     Explanations
--------------------------------------------------------------------------------
  1-  7  A7     ---    channel    Description of channel              
  9- 10  I2     ---    slice      [1/36] Description of slice         
 12- 21  E10.5  m      wavelength [0.0/0.01] Description of wavelength
 23- 34  F12.9  m      center_x   [-0.02/0.02] Description of center_x
 36- 47  F12.9  m      center_y   [-0.02/0.02] Description of center_y
 49- 60  F12.9  m      top_x      [-0.02/0.02] Description of top_x   
 62- 73  F12.9  m      top_y      [-0.02/0.02] Description of top_y   
 75- 86  F12.9  m      bottom_x   [-0.02/0.02] Description of bottom_x
 88- 99  F12.9  m      bottom_y   [-0.02/0.02] Description of bottom_y
101-112  F12.9  m      left_x     [-0.02/0.02] Description of left_x  
114-125  F12.9  m      left_y     [-0.02/0.02] Description of left_y  
127-138  F12.9  m      right_x    [-0.02/0.02] Description of right_x 
140-151  F12.9  m      right_y    [-0.02/0.02] Description of right_y 
--------------------------------------------------------------------------------
Notes:
--------------------------------------------------------------------------------
visible 1   4.000e-07 -0.014220963  0.011744940 -0.014220963  0.011759361 -0.014220963  0.011730519 -0.014743398  0.011746003 -0.013705060  0.011746118
visible 2   4.000e-07 -0.011746270  0.011688064 -0.011746270  0.011702468 -0.011746270  0.011673659 -0.012268660  0.011689092 -0.011231533  0.011689234
visible 3   4.000e-07 -0.009271586  0.011622986 -0.009271586  0.011637374 -0.009271586  0.011608598 -0.009793931  0.011623979 -0.008758005  0.011624149
visible 4   4.000e-07 -0.006796886  0.011574310 -0.006796886  0.011588681 -0.006796886  0.011559939 -0.007319185  0.011575269 -0.006284481  0.011575467
visible 5   4.000e-07 -0.004322154  0.011558440 -0.004322154  0.011572793 -0.004322154  0.011544086 -0.004844402  0.011559367 -0.003810965  0.011559594
visible 6   4.000e-07 -0.001847422  0.011542569 -0.001847422  0.011556905 -0.001847422  0.011528233 -0.002369619  0.011543465 -0.001337450  0.011543721
visible 7   4.000e-07  0.000627318  0.011534899  0.000627318  0.011549217  0.000627318  0.011520581  0.000105172  0.011535765  0.001136064  0.011536049
visible 8   4.000e-07  0.003102066  0.011535431  0.003102066  0.011549731  0.003102066  0.011521131  0.002579973  0.011536267  0.003609576  0.011536580
visible 9   4.000e-07  0.005576831  0.011552365  0.005576831  0.011566647  0.005576831  0.011538083  0.005054792  0.011553173  0.006083083  0.011553516
visible 10  4.000e-07  0.008043270  0.011577499  0.008043270  0.011591762  0.008043270  0.011563235  0.007521286  0.011578279  0.008548260  0.011578651
visible 11  4.000e-07  0.010518067  0.011627238  0.010518067  0.011641482  0.010518067  0.011612993  0.009996141  0.011627993  0.011021759  0.011628395
visible 12  4.000e-07  0.012992863  0.011676976  0.012992863  0.011691202  0.012992863  0.011662751  0.012470995  0.011677706  0.013495258  0.011678139
visible 13  4.000e-07  0.014227213  0.004328977  0.014227213  0.004343331  0.014227213  0.004314623  0.013704528  0.004329037  0.014738040  0.004329319
visible 14  4.000e-07  0.011752416  0.004279238  0.011752416  0.004293611  0.011752416  0.004264865  0.011229674  0.004279324  0.012264541  0.004279575
visible 15  4.000e-07  0.009277620  0.004229499  0.009277620  0.004243891  0.009277620  0.004215107  0.008754819  0.004229610  0.009791042  0.004229832
visible 16  4.000e-07  0.006802840  0.004196163  0.006802840  0.004210573  0.006802840  0.004181752  0.006279983  0.004196301  0.007317538  0.004196492
visible 17  4.000e-07  0.004328059  0.004162826  0.004328059  0.004177255  0.004328059  0.004148397  0.003805147  0.004162991  0.004844035  0.004163153
visible 18  4.000e-07  0.001853303  0.004154093  0.001853303  0.004168540  0.001853303  0.004139646  0.001330337  0.004154287  0.002370525  0.004154420
visible 19  4.000e-07 -0.000621445  0.004153562 -0.000621445  0.004168027 -0.000621445  0.004139097 -0.001144464  0.004153785 -0.000102986  0.004153889
visible 20  4.000e-07 -0.003096194  0.004153030 -0.003096194  0.004167513 -0.003096194  0.004138547 -0.003619264  0.004153283 -0.002576498  0.004153358
visible 21  4.000e-07 -0.005570918  0.004177102 -0.005570918  0.004191602 -0.005570918  0.004162602 -0.006094038  0.004177387 -0.005050016  0.004177433
visible 22  4.000e-07 -0.008045650  0.004192973 -0.008045650  0.004207490 -0.008045650  0.004178455 -0.008568821  0.004193289 -0.007523531  0.004193306
visible 23  4.000e-07 -0.010512017  0.004241650 -0.010512017  0.004256185 -0.010512017  0.004227115 -0.011035235  0.004242000 -0.009988727  0.004241990
visible 24  4.000e-07 -0.012986718  0.004290325 -0.012986718  0.004304877 -0.012986718  0.004275773 -0.013509982  0.004290710 -0.012462251  0.004290671
visible 25  4.000e-07 -0.014235609 -0.003222232 -0.014235609 -0.003207530 -0.014235609 -0.003236933 -0.014759761 -0.003222501 -0.013701268 -0.003222723
visible 26  4.000e-07 -0.011760909 -0.003270907 -0.011760909 -0.003256223 -0.011760909 -0.003285591 -0.012285014 -0.003271210 -0.011227744 -0.003271405
visible 27  4.000e-07 -0.009286193 -0.003303180 -0.009286193 -0.003288513 -0.009286193 -0.003317847 -0.009810250 -0.003303516 -0.008754224 -0.003303682
visible 28  4.000e-07 -0.006811469 -0.003327252 -0.006811469 -0.003312602 -0.006811469 -0.003341902 -0.007335476 -0.003327620 -0.006280706 -0.003327758
visible 29  4.000e-07 -0.004336745 -0.003351324 -0.004336745 -0.003336692 -0.004336745 -0.003365956 -0.004860702 -0.003351724 -0.003807188 -0.003351833
visible 30  4.000e-07 -0.001862013 -0.003367195 -0.001862013 -0.003352580 -0.001862013 -0.003381809 -0.002385920 -0.003367626 -0.001333673 -0.003367706
visible 31  4.000e-07  0.000612736 -0.003366663  0.000612736 -0.003352066  0.000612736 -0.003381259  0.000088881 -0.003367124  0.001139839 -0.003367175
visible 32  4.000e-07  0.003087492 -0.003357930  0.003087492 -0.003343351  0.003087492 -0.003372509  0.002563691 -0.003358420  0.003613348 -0.003358442
visible 33  4.000e-07  0.005562256 -0.003340996  0.005562256 -0.003326435  0.005562256 -0.003355556  0.005038509 -0.003341514  0.006086856 -0.003341507
visible 34  4.000e-07  0.008037028 -0.003315861  0.008037028 -0.003301319  0.008037028 -0.003330403  0.007513337 -0.003316406  0.008560361 -0.003316369
visible 35  4.000e-07  0.010511817 -0.003274323  0.010511817 -0.003259800  0.010511817 -0.003288846  0.009988182 -0.003274895  0.011033863 -0.003274828
visible 36  4.000e-07  0.012986605 -0.003232785  0.012986605 -0.003218281  0.012986605 -0.003247290  0.012463028 -0.003233383  0.013507364 -0.003233286
visible 1   5.000e-07 -0.014231124  0.008426823 -0.014231124  0.008441302 -0.014231124  0.008412343 -0.014752617  0.008431978 -0.013710109  0.008434265
visible 2   5.000e-07 -0.011754146  0.008369900 -0.011754146  0.008384382 -0.011754146  0.008355419 -0.012275910  0.008374323 -0.011233253  0.008378017
visible 3   5.000e-07 -0.009277175  0.008304771 -0.009277175  0.008319255 -0.009277175  0.008290288 -0.009799212  0.008308460 -0.008756404  0.008313553
visible 4   5.000e-07 -0.006800189  0.008256055 -0.006800189  0.008270541 -0.006800189  0.008241570 -0.007322495  0.008259013 -0.006279540  0.008265519
visible 5   5.000e-07 -0.004323170  0.008240166 -0.004323170  0.008254654 -0.004323170  0.008225679 -0.004845742  0.008242397 -0.003802650  0.008250343
visible 6   5.000e-07 -0.001846151  0.008224277 -0.001846151  0.008238767 -0.001846151  0.008209788 -0.002368989  0.008225781 -0.001325759  0.008235168
visible 7   5.000e-07  0.000630875  0.008216595  0.000630875  0.008231086  0.000630875  0.008202104  0.000107774  0.008217372  0.001151139  0.008228207
visible 8   5.000e-07  0.003107910  0.008217120  0.003107910  0.008231613  0.003107910  0.008202627  0.002584545  0.008217172  0.003628044  0.008229460
visible 9   5.000e-07  0.005584961  0.008234057  0.005584961  0.008248552  0.005584961  0.008219563  0.005061335  0.008233387  0.006104962  0.008247143
visible 10  5.000e-07  0.008053680  0.008259200  0.008053680  0.008273697  0.008053680  0.008244704  0.007529794  0.008257810  0.008573548  0.008273036
visible 11  5.000e-07  0.010530764  0.008308965  0.010530764  0.008323463  0.010530764  0.008294467  0.010006621  0.008306857  0.011050494  0.008323578
visible 12  5.000e-07  0.013007847  0.008358729  0.013007847  0.008373229  0.013007847  0.008344230  0.012483447  0.008355903  0.013527440  0.008374119
visible 13  5.000e-07  0.014243311  0.001005789  0.014243311  0.001020318  0.014243311  0.000991260  0.013717805  0.001001617  0.014763876  0.001014445
visible 14  5.000e-07  0.011766228  0.000956025  0.011766228  0.000970552  0.011766228  0.000941497  0.011240978  0.000952570  0.012286930  0.000963903
visible 15  5.000e-07  0.009289145  0.000906260  0.009289145  0.000920785  0.009289145  0.000891734  0.008764152  0.000903524  0.009809984  0.000913362
visible 16  5.000e-07  0.006812078  0.000872909  0.006812078  0.000887432  0.006812078  0.000858385  0.006287344  0.000870893  0.007333052  0.000879250
visible 17  5.000e-07  0.004335010  0.000839557  0.004335010  0.000854079  0.004335010  0.000825035  0.003810536  0.000838263  0.004856119  0.000845138
visible 18  5.000e-07  0.001857968  0.000830826  0.001857968  0.000845347  0.001857968  0.000816306  0.001333755  0.000830255  0.002379208  0.000835670
visible 19  5.000e-07 -0.000619067  0.000830302 -0.000619067  0.000844820 -0.000619067  0.000815784 -0.001143016  0.000830456 -0.000097697  0.000834416
visible 20  5.000e-07 -0.003096102  0.000829777 -0.003096102  0.000844294 -0.003096102  0.000815261 -0.003619788  0.000830657 -0.002574601  0.000833162
visible 21  5.000e-07 -0.005573113  0.000853873 -0.005573113  0.000868388 -0.005573113  0.000839359 -0.006096532  0.000855480 -0.005051485  0.000856553
visible 22  5.000e-07 -0.008050132  0.000869762 -0.008050132  0.000884275 -0.008050132  0.000855249 -0.008573285  0.000872097 -0.007528376  0.000871728
visible 23  5.000e-07 -0.010518778  0.000918480 -0.010518778  0.000932990 -0.010518778  0.000903969 -0.011041662  0.000921543 -0.009996899  0.000919767
visible 24  5.000e-07 -0.012995765  0.000967195 -0.012995765  0.000981704 -0.012995765  0.000952687 -0.013518379  0.000970990 -0.012473763  0.000967801
visible 25  5.000e-07 -0.014245836 -0.006550405 -0.014245836 -0.006535869 -0.014245836 -0.006564941 -0.014769315 -0.006547250 -0.013722709 -0.006557424
visible 26  5.000e-07 -0.011768850 -0.006599121 -0.011768850 -0.006584583 -0.011768850 -0.006613659 -0.012292598 -0.006596698 -0.011245846 -0.006605458
visible 27  5.000e-07 -0.009291847 -0.006631423 -0.009291847 -0.006616883 -0.009291847 -0.006645963 -0.009815864 -0.006629729 -0.008768969 -0.006637063
visible 28  5.000e-07 -0.006814837 -0.006655519 -0.006814837 -0.006640977 -0.006814837 -0.006670061 -0.007339120 -0.006654553 -0.006292085 -0.006660453
visible 29  5.000e-07 -0.004337826 -0.006679615 -0.004337826 -0.006665070 -0.004337826 -0.006694159 -0.004862376 -0.006679377 -0.003815201 -0.006683843
visible 30  5.000e-07 -0.001860807 -0.006695503 -0.001860807 -0.006680957 -0.001860807 -0.006710049 -0.002385622 -0.006695993 -0.001338310 -0.006699019
visible 31  5.000e-07  0.000616228 -0.006694979  0.000616228 -0.006680431  0.000616228 -0.006709527  0.000091149 -0.006696194  0.001138595 -0.006697765
visible 32  5.000e-07  0.003093271 -0.006686248  0.003093271 -0.006671698  0.003093271 -0.006700798  0.002567930 -0.006688187  0.003615506 -0.006688297
visible 33  5.000e-07  0.005570322 -0.006669310  0.005570322 -0.006654759  0.005570322 -0.006683862  0.005044719 -0.006671972  0.006092425 -0.006670614
visible 34  5.000e-07  0.008047381 -0.006644166  0.008047381 -0.006629612  0.008047381 -0.006658719  0.007521518 -0.006647549  0.008569350 -0.006644717
visible 35  5.000e-07  0.010524456 -0.006602608  0.010524456 -0.006588053  0.010524456 -0.006617163  0.009998336 -0.006606710  0.011046289 -0.006602390
visible 36  5.000e-07  0.013001531 -0.006561050  0.013001531 -0.006546493  0.013001531 -0.006575606  0.012475153 -0.006565872  0.013523228 -0.006560064
visible 1   6.000e-07 -0.014247746  0.006623339 -0.014247746  0.006637845 -0.014247746  0.006608833 -0.014760137  0.006630073 -0.013715687  0.006617094
visible 2   6.000e-07 -0.011764345  0.006566414 -0.011764345  0.006580921 -0.011764345  0.006551907 -0.012282252  0.006571968 -0.011237739  0.006561173
visible 3   6.000e-07 -0.009280953  0.006501278 -0.009280953  0.006515786 -0.009280953  0.006486770 -0.009804370  0.006505652 -0.008759798  0.006497040
visible 4   6.000e-07 -0.006797543  0.006452564 -0.006797543  0.006467072 -0.006797543  0.006438055 -0.007326481  0.006455758 -0.006281844  0.006449329
visible 5   6.000e-07 -0.004314099  0.006436691 -0.004314099  0.006451201 -0.004314099  0.006422181 -0.004848580  0.006438708 -0.003803861  0.006434461
visible 6   6.000e-07 -0.001830655  0.006420819 -0.001830655  0.006435330 -0.001830655  0.006406308 -0.002370678  0.006421657 -0.001325879  0.006419593
visible 7   6.000e-07  0.000652797  0.006413157  0.000652797  0.006427669  0.000652797  0.006398645  0.000107227  0.006412818  0.001152110  0.006412935
visible 8   6.000e-07  0.003136258  0.006413706  0.003136258  0.006428219  0.003136258  0.006399192  0.002585135  0.006412189  0.003630106  0.006414489
visible 9   6.000e-07  0.005619736  0.006430676  0.005619736  0.006445191  0.005619736  0.006416161  0.005063049  0.006427982  0.006108116  0.006432463
visible 10  6.000e-07  0.008094861  0.006455855  0.008094861  0.006470371  0.008094861  0.006441338  0.007532623  0.006451989  0.008577789  0.006458644
visible 11  6.000e-07  0.010578374  0.006505667  0.010578374  0.006520184  0.010578374  0.006491149  0.010010550  0.006500625  0.011055827  0.006509462
visible 12  6.000e-07  0.013061887  0.006555479  0.013061887  0.006569998  0.013061887  0.006540960  0.012488478  0.006549262  0.013533864  0.006560279
visible 13  6.000e-07  0.014300107 -0.000800905  0.014300107 -0.000786431  0.014300107 -0.000815379  0.013728731 -0.000808035  0.014770848 -0.000795766
visible 14  6.000e-07  0.011816595 -0.000850717  0.011816595 -0.000836245  0.011816595 -0.000865190  0.011250804 -0.000856672  0.012292810 -0.000846584
visible 15  6.000e-07  0.009333082 -0.000900530  0.009333082 -0.000886059  0.009333082 -0.000915000  0.008772877 -0.000905309  0.009814773 -0.000897402
visible 16  6.000e-07  0.006849587 -0.000933921  0.006849587 -0.000919451  0.006849587 -0.000948390  0.006294956 -0.000937524  0.007336749 -0.000931798
visible 17  6.000e-07  0.004366091 -0.000967312  0.004366091 -0.000952844  0.004366091 -0.000981780  0.003817036 -0.000969739  0.004858725 -0.000966195
visible 18  6.000e-07  0.001882621 -0.000976071  0.001882621 -0.000961604  0.001882621 -0.000990538  0.001339125 -0.000977321  0.002380722 -0.000975959
visible 19  6.000e-07 -0.000600840 -0.000976620 -0.000600840 -0.000962154 -0.000600840 -0.000991085 -0.001138783 -0.000976693 -0.000097274 -0.000977512
visible 20  6.000e-07 -0.003084301 -0.000977169 -0.003084301 -0.000962704 -0.003084301 -0.000991633 -0.003616691 -0.000976064 -0.002575270 -0.000979066
visible 21  6.000e-07 -0.005567736 -0.000953086 -0.005567736 -0.000938623 -0.005567736 -0.000967549 -0.006094590 -0.000950803 -0.005053245 -0.000955987
visible 22  6.000e-07 -0.008051180 -0.000937214 -0.008051180 -0.000922752 -0.008051180 -0.000951676 -0.008572491 -0.000933752 -0.007531228 -0.000941119
visible 23  6.000e-07 -0.010526228 -0.000888497 -0.010526228 -0.000874036 -0.010526228 -0.000902958 -0.011042037 -0.000883860 -0.010000839 -0.000893402
visible 24  6.000e-07 -0.013009637 -0.000839783 -0.013009637 -0.000825322 -0.013009637 -0.000854243 -0.013519925 -0.000833966 -0.012478793 -0.000845691
visible 25  6.000e-07 -0.014263411 -0.008360929 -0.014263411 -0.008346516 -0.014263411 -0.008375341 -0.014765987 -0.008354851 -0.013728288 -0.008367511
visible 26  6.000e-07 -0.011780002 -0.008409643 -0.011780002 -0.008395230 -0.011780002 -0.008424056 -0.012288098 -0.008404746 -0.011250333 -0.008415222
visible 27  6.000e-07 -0.009296575 -0.008441937 -0.009296575 -0.008427522 -0.009296575 -0.008456351 -0.009810203 -0.008438218 -0.008772365 -0.008446511
visible 28  6.000e-07 -0.006813140 -0.008466019 -0.006813140 -0.008451604 -0.006813140 -0.008480435 -0.007332305 -0.008463479 -0.006294389 -0.008469590
visible 29  6.000e-07 -0.004329704 -0.008490102 -0.004329704 -0.008475686 -0.004329704 -0.008504519 -0.004854406 -0.008488741 -0.003816414 -0.008492669
visible 30  6.000e-07 -0.001846260 -0.008505975 -0.001846260 -0.008491557 -0.001846260 -0.008520392 -0.002376505 -0.008505791 -0.001338432 -0.008507537
visible 31  6.000e-07  0.000637201 -0.008505426  0.000637201 -0.008491007  0.000637201 -0.008519845  0.000101403 -0.008506420  0.001139564 -0.008505984
visible 32  6.000e-07  0.003120670 -0.008496666  0.003120670 -0.008482246  0.003120670 -0.008511087  0.002579314 -0.008498837  0.003617567 -0.008496220
visible 33  6.000e-07  0.005604149 -0.008479696  0.005604149 -0.008465275  0.005604149 -0.008494118  0.005057229 -0.008483044  0.006095577 -0.008478245
visible 34  6.000e-07  0.008087635 -0.008454516  0.008087635 -0.008440093  0.008087635 -0.008468939  0.007535146 -0.008459040  0.008573594 -0.008452059
visible 35  6.000e-07  0.010571139 -0.008412914  0.010571139 -0.008398490  0.010571139 -0.008427339  0.010013070 -0.008418614  0.011051625 -0.008409452
visible 36  6.000e-07  0.013054643 -0.008371313  0.013054643 -0.008356887  0.013054643 -0.008385739  0.012490994 -0.008378188  0.013529655 -0.008366845
visible 1   7.000e-07 -0.014239467  0.005482980 -0.014239467  0.005497450 -0.014239467  0.005468510 -0.014761699  0.005491125 -0.013719835  0.005475304
visible 2   7.000e-07 -0.011760989  0.005425954 -0.011760989  0.005440426 -0.011760989  0.005411482 -0.012283139  0.005432730 -0.011241162  0.005419636
visible 3   7.000e-07 -0.009282518  0.005360716 -0.009282518  0.005375190 -0.009282518  0.005346243 -0.009804588  0.005366122 -0.008762496  0.005355755
visible 4   7.000e-07 -0.006804031  0.005311902 -0.006804031  0.005326377 -0.006804031  0.005297427 -0.007326020  0.005315940 -0.006283816  0.005308300
visible 5   7.000e-07 -0.004325511  0.005295937 -0.004325511  0.005310413 -0.004325511  0.005281460 -0.004847417  0.005298608 -0.003805109  0.005293696
visible 6   7.000e-07 -0.001846991  0.005279971 -0.001846991  0.005294449 -0.001846991  0.005265493 -0.002368814  0.005281277 -0.001326402  0.005279092
visible 7   7.000e-07  0.000631537  0.005272217  0.000631537  0.005286696  0.000631537  0.005257737  0.000109797  0.005272158  0.001152313  0.005272701
visible 8   7.000e-07  0.003110073  0.005272675  0.003110073  0.005287156  0.003110073  0.005258194  0.002588417  0.005271252  0.003631034  0.005274523
visible 9   7.000e-07  0.005588626  0.005289557  0.005588626  0.005304039  0.005588626  0.005275075  0.005067054  0.005286772  0.006109769  0.005292770
visible 10  7.000e-07  0.008058842  0.005314650  0.008058842  0.005329134  0.008058842  0.005300167  0.007537355  0.005310507  0.008580165  0.005319223
visible 11  7.000e-07  0.010537427  0.005364380  0.010537427  0.005378865  0.010537427  0.005349896  0.010016026  0.005358878  0.011058928  0.005370321
visible 12  7.000e-07  0.013016013  0.005414111  0.013016013  0.005428597  0.013016013  0.005399625  0.012494698  0.005407248  0.013537691  0.005421419
visible 13  7.000e-07  0.014252097 -0.001943631  0.014252097 -0.001929123  0.014252097 -0.001958138  0.013730475 -0.001951834  0.014775037 -0.001936301
visible 14  7.000e-07  0.011773512 -0.001993361  0.011773512 -0.001978854  0.011773512 -0.002007867  0.011251804 -0.002000205  0.012296274 -0.001987399
visible 15  7.000e-07  0.009294926 -0.002043091  0.009294926 -0.002028586  0.009294926 -0.002057596  0.008773132 -0.002048575  0.009817511 -0.002038497
visible 16  7.000e-07  0.006816357 -0.002076398  0.006816357 -0.002061894  0.006816357 -0.002090901  0.006294478 -0.002080520  0.007338763 -0.002073169
visible 17  7.000e-07  0.004337788 -0.002109704  0.004337788 -0.002095201  0.004337788 -0.002124206  0.003815823 -0.002112465  0.004860014 -0.002107842
visible 18  7.000e-07  0.001859244 -0.002118374  0.001859244 -0.002103873  0.001859244 -0.002132875  0.001337195 -0.002119772  0.002381285 -0.002117876
visible 19  7.000e-07 -0.000619293 -0.002118832 -0.000619293 -0.002104332 -0.000619293 -0.002133332 -0.001141425 -0.002118866 -0.000097436 -0.002119698
visible 20  7.000e-07 -0.003097829 -0.002119290 -0.003097829 -0.002104792 -0.003097829 -0.002133789 -0.003620045 -0.002117960 -0.002576157 -0.002121519
visible 21  7.000e-07 -0.005576341 -0.002095113 -0.005576341 -0.002080616 -0.005576341 -0.002109610 -0.006098639 -0.002092416 -0.005054858 -0.002098702
visible 22  7.000e-07 -0.008054860 -0.002079147 -0.008054860 -0.002064651 -0.008054860 -0.002093642 -0.008577242 -0.002075084 -0.007533565 -0.002084098
visible 23  7.000e-07 -0.010525002 -0.002030331 -0.010525002 -0.002015837 -0.010525002 -0.002044825 -0.011047465 -0.002024905 -0.010003899 -0.002036637
visible 24  7.000e-07 -0.013003489 -0.001981517 -0.013003489 -0.001967025 -0.013003489 -0.001996010 -0.013526033 -0.001974723 -0.012482579 -0.001989182
visible 25  7.000e-07 -0.014254450 -0.009503959 -0.014254450 -0.009489446 -0.014254450 -0.009518472 -0.014777394 -0.009497151 -0.013732438 -0.009512985
visible 26  7.000e-07 -0.011775963 -0.009552773 -0.011775963 -0.009538258 -0.011775963 -0.009567288 -0.012298825 -0.009547333 -0.011253758 -0.009560440
visible 27  7.000e-07 -0.009297460 -0.009585163 -0.009297460 -0.009570646 -0.009297460 -0.009599679 -0.009820240 -0.009581090 -0.008775064 -0.009591469
visible 28  7.000e-07 -0.006818948 -0.009609341 -0.006818948 -0.009594823 -0.006818948 -0.009623858 -0.007341645 -0.009606635 -0.006296364 -0.009614286
visible 29  7.000e-07 -0.004340436 -0.009633518 -0.004340436 -0.009618999 -0.004340436 -0.009648038 -0.004863051 -0.009632179 -0.003817663 -0.009637103
visible 30  7.000e-07 -0.001861916 -0.009649484 -0.001861916 -0.009634964 -0.001861916 -0.009664005 -0.002384448 -0.009649510 -0.001338956 -0.009651707
visible 31  7.000e-07  0.000616620 -0.009649026  0.000616620 -0.009634504  0.000616620 -0.009663548  0.000094172 -0.009650416  0.001139765 -0.009649886
visible 32  7.000e-07  0.003095164 -0.009640356  0.003095164 -0.009625832  0.003095164 -0.009654879  0.002572800 -0.009643109  0.003618493 -0.009639851
visible 33  7.000e-07  0.005573717 -0.009623474  0.005573717 -0.009608949  0.005573717 -0.009637998  0.005051437 -0.009627590  0.006097229 -0.009621604
visible 34  7.000e-07  0.008052278 -0.009598379  0.008052278 -0.009583853  0.008052278 -0.009612905  0.007530083 -0.009603858  0.008575971 -0.009595144
visible 35  7.000e-07  0.010530855 -0.009556861  0.010530855 -0.009542333  0.010530855 -0.009571388  0.010008746 -0.009563700  0.011054726 -0.009552259
visible 36  7.000e-07  0.013009433 -0.009515343  0.013009433 -0.009500814  0.013009433 -0.009529871  0.012487409 -0.009523542  0.013533482 -0.009509374
visible 1   8.000e-07 -0.014242062  0.004674446 -0.014242062  0.004688922 -0.014242062  0.004659970 -0.014764335  0.004679355 -0.013722057  0.004666126
visible 2   8.000e-07 -0.011763099  0.004617438 -0.011763099  0.004631915 -0.011763099  0.004602961 -0.012285257  0.004620843 -0.011242929  0.004610569
visible 3   8.000e-07 -0.009284145  0.004552216 -0.009284145  0.004566693 -0.009284145  0.004537738 -0.009806187  0.004554116 -0.008763808  0.004546799
visible 4   8.000e-07 -0.006805174  0.004503421 -0.006805174  0.004517900 -0.006805174  0.004488943 -0.007327100  0.004503819 -0.006284673  0.004499456
visible 5   8.000e-07 -0.004326171  0.004487482 -0.004326171  0.004501960 -0.004326171  0.004473003 -0.004847979  0.004486378 -0.003805509  0.004484970
visible 6   8.000e-07 -0.001847168  0.004471542 -0.001847168  0.004486021 -0.001847168  0.004457063 -0.002368858  0.004468937 -0.001326346  0.004470484
visible 7   8.000e-07  0.000631842  0.004463816  0.000631842  0.004478296  0.000631842  0.004449336  0.000110271  0.004459711  0.001152825  0.004464211
visible 8   8.000e-07  0.003110861  0.004464303  0.003110861  0.004478784  0.003110861  0.004449823  0.002589410  0.004458698  0.003632002  0.004466153
visible 9   8.000e-07  0.005589896  0.004481218  0.005589896  0.004495699  0.005589896  0.004466737  0.005068565  0.004474115  0.006111194  0.004484523
visible 10  8.000e-07  0.008060592  0.004506345  0.008060592  0.004520827  0.008060592  0.004491864  0.007539382  0.004497749  0.008582045  0.004511100
visible 11  8.000e-07  0.010539659  0.004556115  0.010539659  0.004570597  0.010539659  0.004541633  0.010018572  0.004546022  0.011061266  0.004562326
visible 12  8.000e-07  0.013018726  0.004605885  0.013018726  0.004620367  0.013018726  0.004591402  0.012497762  0.004594296  0.013540486  0.004613552
visible 13  8.000e-07  0.014255216 -0.002753327  0.014255216 -0.002738825  0.014255216 -0.002767828  0.013733803 -0.002766204  0.014777898 -0.002745255
visible 14  8.000e-07  0.011776149 -0.002803096  0.011776149 -0.002788595  0.011776149 -0.002817597  0.011254613 -0.002814478  0.012298678 -0.002796481
visible 15  8.000e-07  0.009297082 -0.002852866  0.009297082 -0.002838366  0.009297082 -0.002867367  0.008775423 -0.002862751  0.009819457 -0.002847707
visible 16  8.000e-07  0.006818031 -0.002886208  0.006818031 -0.002871708  0.006818031 -0.002900708  0.006296250 -0.002894596  0.007340251 -0.002882505
visible 17  8.000e-07  0.004338980 -0.002919551  0.004338980 -0.002905051  0.004338980 -0.002934050  0.003817078 -0.002926441  0.004861046 -0.002917303
visible 18  8.000e-07  0.001859953 -0.002928252  0.001859953 -0.002913753  0.001859953 -0.002942751  0.001337931 -0.002933643  0.002381861 -0.002927458
visible 19  8.000e-07 -0.000619066 -0.002928740 -0.000619066 -0.002914241 -0.000619066 -0.002943238 -0.001141208 -0.002932631 -0.000097317 -0.002929400
visible 20  8.000e-07 -0.003098085 -0.002929227 -0.003098085 -0.002914729 -0.003098085 -0.002943725 -0.003620346 -0.002931619 -0.002576494 -0.002931342
visible 21  8.000e-07 -0.005577079 -0.002905074 -0.005577079 -0.002890576 -0.005577079 -0.002919571 -0.006099458 -0.002905964 -0.005055651 -0.002908642
visible 22  8.000e-07 -0.008056082 -0.002889134 -0.008056082 -0.002874637 -0.008056082 -0.002903631 -0.008578579 -0.002888523 -0.007534814 -0.002894155
visible 23  8.000e-07 -0.010526706 -0.002840338 -0.010526706 -0.002825842 -0.010526706 -0.002854834 -0.011049319 -0.002838229 -0.010005602 -0.002846806
visible 24  8.000e-07 -0.013005676 -0.002791543 -0.013005676 -0.002777048 -0.013005676 -0.002806039 -0.013528406 -0.002787931 -0.012484737 -0.002799464
visible 25  8.000e-07 -0.014256713 -0.010315517 -0.014256713 -0.010301003 -0.014256713 -0.010330032 -0.014780022 -0.010311701 -0.013734992 -0.010324500
visible 26  8.000e-07 -0.011777742 -0.010364312 -0.011777742 -0.010349797 -0.011777742 -0.010378827 -0.012300935 -0.010361999 -0.011255857 -0.010371842
visible 27  8.000e-07 -0.009298756 -0.010396679 -0.009298756 -0.010382163 -0.009298756 -0.010411195 -0.009821832 -0.010395868 -0.008776707 -0.010402757
visible 28  8.000e-07 -0.006819761 -0.010420833 -0.006819761 -0.010406316 -0.006819761 -0.010435349 -0.007342719 -0.010421523 -0.006297551 -0.010425457
visible 29  8.000e-07 -0.004340766 -0.010444986 -0.004340766 -0.010430469 -0.004340766 -0.010459503 -0.004863607 -0.010447178 -0.003818395 -0.010448158
visible 30  8.000e-07 -0.001861763 -0.010460926 -0.001861763 -0.010446408 -0.001861763 -0.010475443 -0.002384485 -0.010464619 -0.001339231 -0.010462644
visible 31  8.000e-07  0.000617255 -0.010460438  0.000617255 -0.010445920  0.000617255 -0.010474956  0.000094653 -0.010465631  0.001139946 -0.010460702
visible 32  8.000e-07  0.003096282 -0.010451737  0.003096282 -0.010437218  0.003096282 -0.010466255  0.002573800 -0.010458429  0.003619131 -0.010450546
visible 33  8.000e-07  0.005575317 -0.010434822  0.005575317 -0.010420303  0.005575317 -0.010449341  0.005052955 -0.010443012  0.006098323 -0.010432177
visible 34  8.000e-07  0.008054360 -0.010409693  0.008054360 -0.010395174  0.008054360 -0.010424213  0.007532119 -0.010419382  0.008577522 -0.010405593
visible 35  8.000e-07  0.010533419 -0.010368137  0.010533419 -0.010353617  0.010533419 -0.010382657  0.010011300 -0.010379323  0.011056735 -0.010362581
visible 36  8.000e-07  0.013012478 -0.010326581  0.013012478 -0.010312061  0.013012478 -0.010341102  0.012490482 -0.010339263  0.013535948 -0.010319569
visible 1   8.500e-07 -0.014243167  0.004348701 -0.014243167  0.004363156 -0.014243167  0.004334247 -0.014764409  0.004353255 -0.013723690  0.004334400
visible 2   8.500e-07 -0.011764020  0.004289151 -0.011764020  0.004303611 -0.011764020  0.004274691 -0.012285439  0.004294632 -0.011244314  0.004278958
visible 3   8.500e-07 -0.009284882  0.004221386 -0.009284882  0.004235852 -0.009284882  0.004206921 -0.009806477  0.004227794 -0.008764944  0.004215302
visible 4   8.500e-07 -0.006805727  0.004170050 -0.006805727  0.004184521 -0.006805727  0.004155578 -0.007327498  0.004177386 -0.006285561  0.004168075
visible 5   8.500e-07 -0.004326541  0.004151569 -0.004326541  0.004166046 -0.004326541  0.004137092 -0.004848485  0.004159837 -0.003806151  0.004153707
visible 6   8.500e-07 -0.001847355  0.004133089 -0.001847355  0.004147571 -0.001847355  0.004118606 -0.002369472  0.004142289 -0.001326741  0.004139338
visible 7   8.500e-07  0.000631838  0.004122822  0.000631838  0.004137310  0.000631838  0.004108334  0.000109549  0.004132955  0.001152676  0.004133184
visible 8   8.500e-07  0.003111040  0.004120769  0.003111040  0.004135263  0.003111040  0.004106276  0.002588580  0.004131837  0.003632100  0.004135245
visible 9   8.500e-07  0.005590257  0.004135145  0.005590257  0.004149643  0.005590257  0.004120646  0.005067627  0.004147148  0.006111537  0.004153734
visible 10  8.500e-07  0.008061135  0.004157741  0.008061135  0.004172245  0.008061135  0.004143237  0.007538336  0.004170678  0.008582632  0.004180432
visible 11  8.500e-07  0.010540384  0.004204972  0.010540384  0.004219481  0.010540384  0.004190462  0.010017418  0.004218850  0.011062096  0.004231780
visible 12  8.500e-07  0.013019632  0.004252203  0.013019632  0.004266718  0.013019632  0.004237688  0.012496499  0.004267021  0.013541560  0.004283128
visible 13  8.500e-07  0.014256380 -0.003108552  0.014256380 -0.003094012  0.014256380 -0.003123093  0.013732511 -0.003094142  0.014779424 -0.003076116
visible 14  8.500e-07  0.011777131 -0.003155784  0.011777131 -0.003141248  0.011777131 -0.003170319  0.011253430 -0.003142314  0.012299960 -0.003127464
visible 15  8.500e-07  0.009297883 -0.003203015  0.009297883 -0.003188485  0.009297883 -0.003217545  0.008774348 -0.003190485  0.009820497 -0.003178812
visible 16  8.500e-07  0.006818650 -0.003233818  0.006818650 -0.003219293  0.006818650 -0.003248342  0.006295283 -0.003222226  0.007341046 -0.003213731
visible 17  8.500e-07  0.004339417 -0.003264621  0.004339417 -0.003250102  0.004339417 -0.003279140  0.003816219 -0.003253967  0.004861596 -0.003248650
visible 18  8.500e-07  0.001860207 -0.003270783  0.001860207 -0.003256269  0.001860207 -0.003285296  0.001337180 -0.003261064  0.002382166 -0.003258926
visible 19  8.500e-07 -0.000618994 -0.003268730 -0.000618994 -0.003254222 -0.000618994 -0.003283238 -0.001141850 -0.003259945 -0.000097258 -0.003260986
visible 20  8.500e-07 -0.003098196 -0.003266677 -0.003098196 -0.003252174 -0.003098196 -0.003281180 -0.003620880 -0.003258827 -0.002576682 -0.003263047
visible 21  8.500e-07 -0.005577374 -0.003239983 -0.005577374 -0.003225485 -0.005577374 -0.003254480 -0.006099885 -0.003233064 -0.005056085 -0.003240464
visible 22  8.500e-07 -0.008056560 -0.003221502 -0.008056560 -0.003207010 -0.008056560 -0.003235994 -0.008578898 -0.003215515 -0.007535495 -0.003226095
visible 23  8.500e-07 -0.010527367 -0.003170172 -0.010527367 -0.003155686 -0.010527367 -0.003184658 -0.011049530 -0.003165111 -0.010006530 -0.003178861
visible 24  8.500e-07 -0.013006521 -0.003118836 -0.013006521 -0.003104355 -0.013006521 -0.003133316 -0.013528508 -0.003114703 -0.012485913 -0.003131634
visible 25  8.500e-07 -0.014257479 -0.010641811 -0.014257479 -0.010627310 -0.014257479 -0.010656312 -0.014780045 -0.010639043 -0.013735955 -0.010657238
visible 26  8.500e-07 -0.011778325 -0.010693148 -0.011778325 -0.010678641 -0.011778325 -0.010707655 -0.012301066 -0.010689451 -0.011256572 -0.010704465
visible 27  8.500e-07 -0.009299155 -0.010728056 -0.009299155 -0.010713544 -0.009299155 -0.010742569 -0.009822070 -0.010723429 -0.008777175 -0.010735263
visible 28  8.500e-07 -0.006819977 -0.010754751 -0.006819977 -0.010740233 -0.006819977 -0.010769269 -0.007343066 -0.010749193 -0.006297772 -0.010757846
visible 29  8.500e-07 -0.004340799 -0.010781446 -0.004340799 -0.010766922 -0.004340799 -0.010795969 -0.004864061 -0.010774956 -0.003818368 -0.010780429
visible 30  8.500e-07 -0.001861613 -0.010799926 -0.001861613 -0.010785397 -0.001861613 -0.010814455 -0.002385048 -0.010792504 -0.001338958 -0.010794798
visible 31  8.500e-07  0.000617589 -0.010801979  0.000617589 -0.010787444  0.000617589 -0.010816513  0.000093982 -0.010793623  0.001140465 -0.010792737
visible 32  8.500e-07  0.003096798 -0.010795818  0.003096798 -0.010781278  0.003096798 -0.010810357  0.002573021 -0.010786526  0.003619896 -0.010782462
visible 33  8.500e-07  0.005576016 -0.010781442  0.005576016 -0.010766897  0.005576016 -0.010795988  0.005052068 -0.010771215  0.006099333 -0.010763972
visible 34  8.500e-07  0.008055241 -0.010758853  0.008055241 -0.010744302  0.008055241 -0.010773404  0.007531124 -0.010747689  0.008578776 -0.010737268
visible 35  8.500e-07  0.010534481 -0.010719836  0.010534481 -0.010705280  0.010534481 -0.010734392  0.010010197 -0.010707732  0.011058233 -0.010694134
visible 36  8.500e-07  0.013013722 -0.010680819  0.013013722 -0.010666257  0.013013722 -0.010695380  0.012489270 -0.010667776  0.013537690 -0.010651001
nearir  1   8.500e-07 -0.017073127  0.011379819 -0.017073127  0.011397215 -0.017073127  0.011362422 -0.016447125  0.011375915 -0.017699679  0.011385088
nearir  2   8.500e-07 -0.014102440  0.011309324 -0.014102440  0.011326722 -0.014102440  0.011291925 -0.013476453  0.011306208 -0.014729165  0.011313806
nearir  3   8.500e-07 -0.011131763  0.011228687 -0.011131763  0.011246088 -0.011131763  0.011211286 -0.010505788  0.011226359 -0.011758662  0.011232382
nearir  4   8.500e-07 -0.008161068  0.011168334 -0.008161068  0.011185737 -0.008161068  0.011150931 -0.007535109  0.011166793 -0.008788137  0.011171241
nearir  5   8.500e-07 -0.005190338  0.011148546 -0.005190338  0.011165951 -0.005190338  0.011131141 -0.004564401  0.011147794 -0.005817569  0.011150668
nearir  6   8.500e-07 -0.002219608  0.011128758 -0.002219608  0.011146165 -0.002219608  0.011111351 -0.001593693  0.011128795 -0.002847002  0.011130094
nearir  7   8.500e-07  0.000751130  0.011119112  0.000751130  0.011136521  0.000751130  0.011101703  0.001377022  0.011119938  0.000123576  0.011119663
nearir  8   8.500e-07  0.003721877  0.011119607  0.003721877  0.011137018  0.003721877  0.011102196  0.004347744  0.011121222  0.003094165  0.011119373
nearir  9   8.500e-07  0.006692641  0.011140385  0.006692641  0.011157798  0.006692641  0.011122973  0.007318480  0.011142790  0.006064776  0.011139367
nearir  10  8.500e-07  0.009653411  0.011171303  0.009653411  0.011188718  0.009653411  0.011153889  0.010279221  0.011174494  0.009025394  0.011169504
nearir  11  8.500e-07  0.012624209  0.011232647  0.012624209  0.011250063  0.012624209  0.011215231  0.013249986  0.011236628  0.011996047  0.011230065
nearir  12  8.500e-07  0.015595008  0.011293991  0.015595008  0.011311409  0.015595008  0.011276574  0.016220751  0.011298763  0.014966700  0.011290626
nearir  13  8.500e-07  0.017077656  0.002207492  0.017077656  0.002224954  0.017077656  0.002190030  0.017704715  0.002212497  0.016447439  0.002203407
nearir  14  8.500e-07  0.014106857  0.002146148  0.014106857  0.002163609  0.014106857  0.002128687  0.014733950  0.002150363  0.013476786  0.002142846
nearir  15  8.500e-07  0.011136059  0.002084804  0.011136059  0.002102263  0.011136059  0.002067345  0.011763185  0.002088229  0.010506133  0.002082285
nearir  16  8.500e-07  0.008165278  0.002043743  0.008165278  0.002061200  0.008165278  0.002026286  0.008792434  0.002046378  0.007535501  0.002042007
nearir  17  8.500e-07  0.005194496  0.002002682  0.005194496  0.002020138  0.005194496  0.001985226  0.005821684  0.002004527  0.004564870  0.002001730
nearir  18  8.500e-07  0.002223741  0.001992045  0.002223741  0.002009499  0.002223741  0.001974591  0.002850954  0.001993101  0.001594270  0.001991878
nearir  19  8.500e-07 -0.000747006  0.001991550 -0.000747006  0.002009002 -0.000747006  0.001974098 -0.000119768  0.001991817 -0.001376318  0.001992167
nearir  20  8.500e-07 -0.003717753  0.001991055 -0.003717753  0.002008505 -0.003717753  0.001973605 -0.003090490  0.001990533 -0.004346907  0.001992457
nearir  21  8.500e-07 -0.006688474  0.002020984 -0.006688474  0.002038432 -0.006688474  0.002003536 -0.006061190  0.002019674 -0.007317464  0.002023172
nearir  22  8.500e-07 -0.009659203  0.002040772 -0.009659203  0.002058218 -0.009659203  0.002023326 -0.009031898  0.002038673 -0.010288032  0.002043746
nearir  23  8.500e-07 -0.012619896  0.002101127 -0.012619896  0.002118571 -0.012619896  0.002083683 -0.011992575  0.002098243 -0.013248555  0.002104885
nearir  24  8.500e-07 -0.015590591  0.002161481 -0.015590591  0.002178923 -0.015590591  0.002144039 -0.014963254  0.002157808 -0.016219080  0.002166026
nearir  25  8.500e-07 -0.017088864 -0.007128345 -0.017088864 -0.007110859 -0.017088864 -0.007145831 -0.016460158 -0.007132579 -0.017719145 -0.007123739
nearir  26  8.500e-07 -0.014118169 -0.007188698 -0.014118169 -0.007171210 -0.014118169 -0.007206186 -0.013489478 -0.007192144 -0.014748620 -0.007184879
nearir  27  8.500e-07 -0.011147457 -0.007228769 -0.011147457 -0.007211279 -0.011147457 -0.007246259 -0.010518785 -0.007231427 -0.011778074 -0.007225736
nearir  28  8.500e-07 -0.008176736 -0.007258698 -0.008176736 -0.007241206 -0.008176736 -0.007276190 -0.007548084 -0.007260568 -0.008807517 -0.007256451
nearir  29  8.500e-07 -0.005206015 -0.007288627 -0.005206015 -0.007271133 -0.005206015 -0.007306121 -0.004577384 -0.007289708 -0.005836960 -0.007287167
nearir  30  8.500e-07 -0.002235286 -0.007308415 -0.002235286 -0.007290919 -0.002235286 -0.007325911 -0.001606676 -0.007308707 -0.002866393 -0.007307740
nearir  31  8.500e-07  0.000735461 -0.007307920  0.000735461 -0.007290422  0.000735461 -0.007325418  0.001364046 -0.007307423  0.000104196 -0.007308030
nearir  32  8.500e-07  0.003706217 -0.007297283  0.003706217 -0.007279783  0.003706217 -0.007314783  0.004334775 -0.007295997  0.003074796 -0.007298178
nearir  33  8.500e-07  0.006676981 -0.007276505  0.006676981 -0.007259003  0.006676981 -0.007294006  0.007305512 -0.007274430  0.006045406 -0.007278184
nearir  34  8.500e-07  0.009647753 -0.007245585  0.009647753 -0.007228082  0.009647753 -0.007263088  0.010276255 -0.007242721  0.009016027 -0.007248048
nearir  35  8.500e-07  0.012618543 -0.007194383  0.012618543 -0.007176878  0.012618543 -0.007211888  0.013247013 -0.007190728  0.011986669 -0.007197629
nearir  36  8.500e-07  0.015589333 -0.007143180  0.015589333 -0.007125674  0.015589333 -0.007160687  0.016217771 -0.007138736  0.014957311 -0.007147209
nearir  1   1.250e-06 -0.017065652  0.008082484 -0.017065652  0.008099905 -0.017065652  0.008065064 -0.016438771  0.008075808 -0.017693035  0.008090702
nearir  2   1.250e-06 -0.014095117  0.008012167 -0.014095117  0.008029589 -0.014095117  0.007994744 -0.013468278  0.008006791 -0.014722672  0.008019109
nearir  3   1.250e-06 -0.011124591  0.007931729 -0.011124591  0.007949153 -0.011124591  0.007914305 -0.010497793  0.007927653 -0.011752320  0.007937396
nearir  4   1.250e-06 -0.008154048  0.007871531 -0.008154048  0.007888957 -0.008154048  0.007854106 -0.007527293  0.007868756 -0.008781946  0.007875924
nearir  5   1.250e-06 -0.005183469  0.007851813 -0.005183469  0.007869240 -0.005183469  0.007834386 -0.004556765  0.007850340 -0.005811530  0.007854934
nearir  6   1.250e-06 -0.002212890  0.007832095 -0.002212890  0.007849523 -0.002212890  0.007814666 -0.001586236  0.007831923 -0.002841114  0.007833943
nearir  7   1.250e-06  0.000757697  0.007822496  0.000757697  0.007839926  0.000757697  0.007805066  0.001384299  0.007823627  0.000129313  0.007823073
nearir  8   1.250e-06  0.003728294  0.007823017  0.003728294  0.007840449  0.003728294  0.007805586  0.004354842  0.007825451  0.003099750  0.007822323
nearir  9   1.250e-06  0.006698908  0.007843778  0.006698908  0.007861212  0.006698908  0.007826345  0.007325399  0.007847516  0.006070209  0.007841814
nearir  10  1.250e-06  0.009659528  0.007874658  0.009659528  0.007892092  0.009659528  0.007857223  0.010285961  0.007879694  0.009030677  0.007871428
nearir  11  1.250e-06  0.012630178  0.007935898  0.012630178  0.007953334  0.012630178  0.007918462  0.013256546  0.007942240  0.012001179  0.007931401
nearir  12  1.250e-06  0.015600827  0.007997138  0.015600827  0.008014575  0.015600827  0.007979702  0.016227132  0.008004785  0.014971680  0.007991373
nearir  13  1.250e-06  0.017083234 -0.001069990  0.017083234 -0.001052509  0.017083234 -0.001087472  0.017711011 -0.001062016  0.016452342 -0.001076881
nearir  14  1.250e-06  0.014112585 -0.001131231  0.014112585 -0.001113751  0.014112585 -0.001148711  0.014740426 -0.001124561  0.013481841 -0.001136854
nearir  15  1.250e-06  0.011141936 -0.001192471  0.011141936 -0.001174992  0.011141936 -0.001209951  0.011769841 -0.001187106  0.010511339 -0.001196826
nearir  16  1.250e-06  0.008171304 -0.001233472  0.008171304 -0.001215994  0.008171304 -0.001250950  0.008799269 -0.001229411  0.007540859 -0.001236558
nearir  17  1.250e-06  0.005200672 -0.001274473  0.005200672 -0.001256996  0.005200672 -0.001291950  0.005828698 -0.001271716  0.004570379 -0.001276290
nearir  18  1.250e-06  0.002230067 -0.001285114  0.002230067 -0.001267639  0.002230067 -0.001302589  0.002858148 -0.001283660  0.001599931 -0.001285661
nearir  19  1.250e-06 -0.000740529 -0.001285635 -0.000740529 -0.001268162 -0.000740529 -0.001303109 -0.000112394 -0.001285485 -0.001370507 -0.001284911
nearir  20  1.250e-06 -0.003711126 -0.001286157 -0.003711126 -0.001268684 -0.003711126 -0.001303629 -0.003082937 -0.001287309 -0.004340944 -0.001284161
nearir  21  1.250e-06 -0.006681696 -0.001256319 -0.006681696 -0.001238848 -0.006681696 -0.001273789 -0.006053458 -0.001258772 -0.007311350 -0.001253050
nearir  22  1.250e-06 -0.009652274 -0.001236600 -0.009652274 -0.001219131 -0.009652274 -0.001254069 -0.009023986 -0.001240356 -0.010281766 -0.001232060
nearir  23  1.250e-06 -0.012612816 -0.001176401 -0.012612816 -0.001158933 -0.012612816 -0.001193868 -0.011984484 -0.001181452 -0.013242138 -0.001170590
nearir  24  1.250e-06 -0.015583359 -0.001116203 -0.015583359 -0.001098737 -0.015583359 -0.001133668 -0.014954984 -0.001122555 -0.016212512 -0.001109118
nearir  25  1.250e-06 -0.017081727 -0.010386252 -0.017081727 -0.010368742 -0.017081727 -0.010403762 -0.016451792 -0.010393590 -0.017712502 -0.010379028
nearir  26  1.250e-06 -0.014111183 -0.010446450 -0.014111183 -0.010428938 -0.014111183 -0.010463961 -0.013481292 -0.010452487 -0.014742129 -0.010440500
nearir  27  1.250e-06 -0.011140622 -0.010486408 -0.011140622 -0.010468895 -0.011140622 -0.010503921 -0.010510778 -0.010491144 -0.011771734 -0.010481732
nearir  28  1.250e-06 -0.008170052 -0.010516246 -0.008170052 -0.010498731 -0.008170052 -0.010533761 -0.007540257 -0.010519681 -0.008801328 -0.010512843
nearir  29  1.250e-06 -0.005199482 -0.010546084 -0.005199482 -0.010528568 -0.005199482 -0.010563601 -0.004569735 -0.010548217 -0.005830923 -0.010543954
nearir  30  1.250e-06 -0.002228903 -0.010565803 -0.002228903 -0.010548285 -0.002228903 -0.010583321 -0.001599207 -0.010566634 -0.002860507 -0.010564944
nearir  31  1.250e-06  0.000741693 -0.010565281  0.000741693 -0.010547762  0.000741693 -0.010582801  0.001371336 -0.010564810  0.000109931 -0.010565694
nearir  32  1.250e-06  0.003712298 -0.010554640  0.003712298 -0.010537119  0.003712298 -0.010572161  0.004341885 -0.010552865  0.003080379 -0.010556323
nearir  33  1.250e-06  0.006682912 -0.010533879  0.006682912 -0.010516357  0.006682912 -0.010551401  0.007312442 -0.010530801  0.006050838 -0.010536832
nearir  34  1.250e-06  0.009653535 -0.010502998  0.009653535 -0.010485475  0.009653535 -0.010520522  0.010283006 -0.010498616  0.009021307 -0.010507221
nearir  35  1.250e-06  0.012624176 -0.010451878  0.012624176 -0.010434353  0.012624176 -0.010469402  0.013253585 -0.010446191  0.011991798 -0.010457369
nearir  36  1.250e-06  0.015594816 -0.010400757  0.015594816 -0.010383231  0.015594816 -0.010418283  0.016224163 -0.010393766  0.014962289 -0.010407516
nearir  1   2.400e-06 -0.017035651  0.002449596 -0.017035651  0.002466798 -0.017035651  0.002432394 -0.016416483  0.002439246 -0.017655045  0.002462209
nearir  2   2.400e-06 -0.014067117  0.002379538 -0.014067117  0.002396742 -0.014067117  0.002362333 -0.013447994  0.002371245 -0.014686707  0.002390119
nearir  3   2.400e-06 -0.011098591  0.002299389 -0.011098591  0.002316596 -0.011098591  0.002282183 -0.010479514  0.002293154 -0.011718380  0.002307938
nearir  4   2.400e-06 -0.008130048  0.002239421 -0.008130048  0.002256630 -0.008130048  0.002222213 -0.007511018  0.002235244 -0.008750032  0.002245939
nearir  5   2.400e-06 -0.005161469  0.002219814 -0.005161469  0.002237024 -0.005161469  0.002202603 -0.004542491  0.002217698 -0.005781643  0.002224302
nearir  6   2.400e-06 -0.002192891  0.002200206 -0.002192891  0.002217419 -0.002192891  0.002182994 -0.001573965  0.002200152 -0.002813255  0.002202665
nearir  7   2.400e-06  0.000775696  0.002190689  0.000775696  0.002207904  0.000775696  0.002173475  0.001394570  0.002192697  0.000155144  0.002191118
nearir  8   2.400e-06  0.003744292  0.002191262  0.003744292  0.002208478  0.003744292  0.002174046  0.004363112  0.002195333  0.003123552  0.002189662
nearir  9   2.400e-06  0.006712906  0.002212016  0.006712906  0.002229234  0.006712906  0.002194798  0.007331669  0.002218151  0.006091981  0.002208388
nearir  10  2.400e-06  0.009671533  0.002242857  0.009671533  0.002260077  0.009671533  0.002225638  0.010290239  0.002251051  0.009050425  0.002237208
nearir  11  2.400e-06  0.012640182  0.002303972  0.012640182  0.002321193  0.012640182  0.002286750  0.013258828  0.002314232  0.012018895  0.002296296
nearir  12  2.400e-06  0.015608831  0.002365086  0.015608831  0.002382309  0.015608831  0.002347863  0.016227416  0.002377413  0.014987364  0.002355383
nearir  13  2.400e-06  0.017090234 -0.006675437  0.017090234 -0.006658183  0.017090234 -0.006692691  0.017709796 -0.006662733  0.016467503 -0.006686486
nearir  14  2.400e-06  0.014121585 -0.006736551  0.014121585 -0.006719299  0.014121585 -0.006753804  0.014741208 -0.006725914  0.013499034 -0.006745574
nearir  15  2.400e-06  0.011152936 -0.006797665  0.011152936 -0.006780415  0.011152936 -0.006814916  0.011772619 -0.006789096  0.010530565 -0.006804661
nearir  16  2.400e-06  0.008184305 -0.006838599  0.008184305 -0.006821350  0.008184305 -0.006855848  0.008804047 -0.006832095  0.007562115 -0.006843567
nearir  17  2.400e-06  0.005215674 -0.006879533  0.005215674 -0.006862286  0.005215674 -0.006896780  0.005835474 -0.006875095  0.004593666 -0.006882473
nearir  18  2.400e-06  0.002247069 -0.006890196  0.002247069 -0.006872951  0.002247069 -0.006907442  0.002866924 -0.006887822  0.001625248 -0.006891108
nearir  19  2.400e-06 -0.000721527 -0.006890769 -0.000721527 -0.006873526 -0.000721527 -0.006908013 -0.000101618 -0.006890458 -0.001343161 -0.006889652
nearir  20  2.400e-06 -0.003690123 -0.006891342 -0.003690123 -0.006874101 -0.003690123 -0.006908584 -0.003070160 -0.006893093 -0.004311570 -0.006888196
nearir  21  2.400e-06 -0.006658692 -0.006861645 -0.006658692 -0.006844405 -0.006658692 -0.006878885 -0.006038679 -0.006865457 -0.007279948 -0.006856469
nearir  22  2.400e-06 -0.009627271 -0.006842038 -0.009627271 -0.006824800 -0.009627271 -0.006859275 -0.009007206 -0.006847911 -0.010248336 -0.006834831
nearir  23  2.400e-06 -0.012585819 -0.006782068 -0.012585819 -0.006764832 -0.012585819 -0.006799303 -0.011965706 -0.006789992 -0.013206689 -0.006772837
nearir  24  2.400e-06 -0.015554362 -0.006722099 -0.015554362 -0.006704866 -0.015554362 -0.006739333 -0.014934202 -0.006732082 -0.016175037 -0.006710838
nearir  25  2.400e-06 -0.017051726 -0.015965001 -0.017051726 -0.015947737 -0.017051726 -0.015982265 -0.016430513 -0.015976692 -0.017673504 -0.015953057
nearir  26  2.400e-06 -0.014083183 -0.016024969 -0.014083183 -0.016007703 -0.014083183 -0.016042235 -0.013462017 -0.016034601 -0.014705156 -0.016015056
nearir  27  2.400e-06 -0.011114622 -0.016064757 -0.011114622 -0.016047489 -0.011114622 -0.016082025 -0.010493506 -0.016072329 -0.011736788 -0.016056875
nearir  28  2.400e-06 -0.008146052 -0.016094454 -0.008146052 -0.016077185 -0.008146052 -0.016111724 -0.007524987 -0.016099966 -0.008768409 -0.016088602
nearir  29  2.400e-06 -0.005177483 -0.016124152 -0.005177483 -0.016106880 -0.005177483 -0.016141424 -0.004556468 -0.016127603 -0.005800031 -0.016120330
nearir  30  2.400e-06 -0.002208904 -0.016143759 -0.002208904 -0.016126486 -0.002208904 -0.016161033 -0.001587941 -0.016145149 -0.002831643 -0.016141967
nearir  31  2.400e-06  0.000759692 -0.016143186  0.000759692 -0.016125911  0.000759692 -0.016160462  0.001380601 -0.016142513  0.000136766 -0.016143423
nearir  32  2.400e-06  0.003728297 -0.016132523  0.003728297 -0.016115246  0.003728297 -0.016149800  0.004349150 -0.016129786  0.003105185 -0.016134788
nearir  33  2.400e-06  0.006696910 -0.016111770  0.006696910 -0.016094490  0.006696910 -0.016129049  0.007317708 -0.016106969  0.006073613 -0.016116063
nearir  34  2.400e-06  0.009665533 -0.016080926  0.009665533 -0.016063645  0.009665533 -0.016098207  0.010286273 -0.016074060  0.009042052 -0.016087247
nearir  35  2.400e-06  0.012634173 -0.016029902  0.012634173 -0.016012619  0.012634173 -0.016047184  0.013254853 -0.016020969  0.012010512 -0.016038251
nearir  36  2.400e-06  0.015602813 -0.015978878  0.015602813 -0.015961594  0.015602813 -0.015996162  0.016223434 -0.015967879  0.014978971 -0.015989254
midir   1   2.400e-06 -0.017539769  0.009655170 -0.017539769  0.009671541 -0.017539769  0.009638798 -0.016911403  0.009654696 -0.018090162  0.009658837
midir   2   2.400e-06 -0.014543347  0.009584824 -0.014543347  0.009601376 -0.014543347  0.009568273 -0.013914114  0.009584711 -0.015105799  0.009588161
midir   3   2.400e-06 -0.011546933  0.009504363 -0.011546933  0.009521095 -0.011546933  0.009487631 -0.010916827  0.009504610 -0.012121517  0.009507368
midir   4   2.400e-06 -0.008550503  0.009444134 -0.008550503  0.009461045 -0.008550503  0.009427224 -0.007919537  0.009444742 -0.009137073  0.009446807
midir   5   2.400e-06 -0.005554041  0.009424370 -0.005554041  0.009441454 -0.005554041  0.009407286 -0.004922243  0.009425341 -0.006152303  0.009426714
midir   6   2.400e-06 -0.002557579  0.009404606 -0.002557579  0.009421864 -0.002557579  0.009387348 -0.001924950  0.009405940 -0.003167534  0.009406620
midir   7   2.400e-06  0.000438891  0.009394958  0.000438891  0.009412389  0.000438891  0.009377527  0.001072344  0.009396655 -0.000182683  0.009396642
midir   8   2.400e-06  0.003435369  0.009395426  0.003435369  0.009413028  0.003435369  0.009377823  0.004069640  0.009397487  0.002802249  0.009396781
midir   9   2.400e-06  0.006431862  0.009416126  0.006431862  0.009433898  0.006431862  0.009398354  0.007066937  0.009418553  0.005787344  0.009417154
midir   10  2.400e-06  0.009418274  0.009446941  0.009418274  0.009464881  0.009418274  0.009429001  0.010054143  0.009449733  0.008762470  0.009447642
midir   11  2.400e-06  0.012414800  0.009508106  0.012414800  0.009526211  0.012414800  0.009490001  0.013051445  0.009511265  0.011747890  0.009508480
midir   12  2.400e-06  0.015411325  0.009569271  0.015411325  0.009587541  0.015411325  0.009551001  0.016048746  0.009572797  0.014733310  0.009569319
midir   13  2.400e-06  0.016907507  0.000505428  0.016907507  0.000524784  0.016907507  0.000486072  0.017551578  0.000508651  0.016157943  0.000504978
midir   14  2.400e-06  0.013910982  0.000444263  0.013910982  0.000463454  0.013910982  0.000425072  0.014554277  0.000447118  0.013172523  0.000444140
midir   15  2.400e-06  0.010914457  0.000383098  0.010914457  0.000402124  0.010914457  0.000364072  0.011556976  0.000385586  0.010187103  0.000383301
midir   16  2.400e-06  0.007917947  0.000342165  0.007917947  0.000361024  0.007917947  0.000323307  0.008559677  0.000344287  0.007201845  0.000342696
midir   17  2.400e-06  0.004921438  0.000301233  0.004921438  0.000319924  0.004921438  0.000282541  0.005562377  0.000302988  0.004216588  0.000302091
midir   18  2.400e-06  0.001924952  0.000290649  0.001924952  0.000309170  0.001924952  0.000272128  0.002565081  0.000292039  0.001231574  0.000291835
midir   19  2.400e-06 -0.001071526  0.000290181 -0.001071526  0.000308530 -0.001071526  0.000271831 -0.000432214  0.000291206 -0.001753358  0.000291696
midir   20  2.400e-06 -0.004068003  0.000289713 -0.004068003  0.000307890 -0.004068003  0.000271535 -0.003429510  0.000290374 -0.004738290  0.000291557
midir   21  2.400e-06 -0.007064457  0.000319593 -0.007064457  0.000337595 -0.007064457  0.000301591 -0.006426802  0.000319892 -0.007722978  0.000321767
midir   22  2.400e-06 -0.010060919  0.000339357 -0.010060919  0.000357186 -0.010060919  0.000321529 -0.009424096  0.000339293 -0.010707748  0.000341861
midir   23  2.400e-06 -0.013047260  0.000399588 -0.013047260  0.000417238 -0.013047260  0.000381937 -0.012411293  0.000399164 -0.013682142  0.000402421
midir   24  2.400e-06 -0.016043690  0.000459817 -0.016043690  0.000477289 -0.016043690  0.000442344 -0.015408583  0.000459032 -0.016666586  0.000462981
midir   25  2.400e-06 -0.017554233 -0.008806819 -0.017554233 -0.008788411 -0.017554233 -0.008825227 -0.016913157 -0.008808284 -0.018238562 -0.008803829
midir   26  2.400e-06 -0.014557803 -0.008867048 -0.014557803 -0.008848461 -0.014557803 -0.008885635 -0.013915867 -0.008868152 -0.015254117 -0.008864390
midir   27  2.400e-06 -0.011561357 -0.008907044 -0.011561357 -0.008888281 -0.011561357 -0.008925807 -0.010918576 -0.008907786 -0.012269510 -0.008904716
midir   28  2.400e-06 -0.008564903 -0.008936925 -0.008564903 -0.008917987 -0.008564903 -0.008955863 -0.007921283 -0.008937304 -0.009284822 -0.008934927
midir   29  2.400e-06 -0.005568449 -0.008966805 -0.005568449 -0.008947692 -0.005568449 -0.008985918 -0.004923991 -0.008966822 -0.006300134 -0.008965137
midir   30  2.400e-06 -0.002571988 -0.008986570 -0.002571988 -0.008967283 -0.002571988 -0.009005857 -0.001926697 -0.008986223 -0.003315365 -0.008985231
midir   31  2.400e-06  0.000424490 -0.008986102  0.000424490 -0.008966643  0.000424490 -0.009005560  0.001070598 -0.008985391 -0.000330432 -0.008985092
midir   32  2.400e-06  0.003420976 -0.008975517  0.003420976 -0.008955888  0.003420976 -0.008995147  0.004067894 -0.008974442  0.002654581 -0.008974836
midir   33  2.400e-06  0.006417469 -0.008954817  0.006417469 -0.008935018  0.006417469 -0.008974616  0.007065192 -0.008953376  0.005639676 -0.008954464
midir   34  2.400e-06  0.009413971 -0.008924001  0.009413971 -0.008904033  0.009413971 -0.008943968  0.010062490 -0.008922194  0.008624852 -0.008923975
midir   35  2.400e-06  0.012410488 -0.008872952  0.012410488 -0.008852818  0.012410488 -0.008893085  0.013059790 -0.008870778  0.011610191 -0.008873254
midir   36  2.400e-06  0.015407005 -0.008821903  0.015407005 -0.008801603  0.015407005 -0.008842202  0.016057090 -0.008819363  0.014595529 -0.008822532
midir   1   3.200e-06 -0.017513454  0.006511895 -0.017513454  0.006529267 -0.017513454  0.006494524 -0.016885615  0.006509934 -0.018136344  0.006516641
midir   2   3.200e-06 -0.014519166  0.006441802 -0.014519166  0.006459200 -0.014519166  0.006424403 -0.013889630  0.006440357 -0.015142309  0.006445971
midir   3   3.200e-06 -0.011524880  0.006361606 -0.011524880  0.006379032 -0.011524880  0.006344180 -0.010893648  0.006360678 -0.012148289  0.006365199
midir   4   3.200e-06 -0.008530590  0.006301614 -0.008530590  0.006319067 -0.008530590  0.006284162 -0.007897662  0.006301202 -0.009154239  0.006304631
midir   5   3.200e-06 -0.005536289  0.006282031 -0.005536289  0.006299509 -0.005536289  0.006264552 -0.004901671  0.006282136 -0.006160126  0.006284471
midir   6   3.200e-06 -0.002541988  0.006262448 -0.002541988  0.006279952 -0.002541988  0.006244943 -0.001905681  0.006263069 -0.003166012  0.006264312
midir   7   3.200e-06  0.000452316  0.006252966  0.000452316  0.006270497  0.000452316  0.006235436  0.001090311  0.006254104 -0.000171883  0.006254254
midir   8   3.200e-06  0.003446622  0.006253587  0.003446622  0.006271143  0.003446622  0.006236031  0.004086305  0.006255241  0.002822261  0.006254299
midir   9   3.200e-06  0.006440934  0.006274412  0.006440934  0.006291993  0.006440934  0.006256830  0.007082301  0.006276582  0.005816437  0.006274548
midir   10  3.200e-06  0.009425166  0.006305337  0.009425166  0.006322943  0.009425166  0.006287730  0.010068211  0.006308021  0.008800547  0.006304898
midir   11  3.200e-06  0.012419488  0.006366570  0.012419488  0.006384201  0.012419488  0.006348939  0.013064212  0.006369771  0.011794785  0.006365555
midir   12  3.200e-06  0.015413810  0.006427803  0.015413810  0.006445458  0.015413810  0.006410147  0.016060213  0.006431520  0.014789023  0.006426212
midir   13  3.200e-06  0.016913667 -0.002623330  0.016913667 -0.002605484  0.016913667 -0.002641176  0.017562062 -0.002619347  0.016277136 -0.002625214
midir   14  3.200e-06  0.013919345 -0.002684563  0.013919345 -0.002666741  0.013919345 -0.002702385  0.014566061 -0.002681097  0.013282898 -0.002685871
midir   15  3.200e-06  0.010925024 -0.002745796  0.010925024 -0.002727999  0.010925024 -0.002763593  0.011570060 -0.002742846  0.010288659 -0.002746528
midir   16  3.200e-06  0.007930707 -0.002786825  0.007930707 -0.002769053  0.007930707 -0.002804598  0.008574061 -0.002784391  0.007294452 -0.002786981
midir   17  3.200e-06  0.004936390 -0.002827854  0.004936390 -0.002810107  0.004936390 -0.002845602  0.005578062 -0.002825937  0.004300245 -0.002827433
midir   18  3.200e-06  0.001942081 -0.002838577  0.001942081 -0.002820855  0.001942081 -0.002856299  0.002582067 -0.002837176  0.001306085 -0.002837580
midir   19  3.200e-06 -0.001052225 -0.002839198 -0.001052225 -0.002821501 -0.001052225 -0.002856894 -0.000413926 -0.002838313 -0.001688059 -0.002837625
midir   20  3.200e-06 -0.004046531 -0.002839818 -0.004046531 -0.002822148 -0.004046531 -0.002857489 -0.003409919 -0.002839450 -0.004682204 -0.002837669
midir   21  3.200e-06 -0.007040830 -0.002810133 -0.007040830 -0.002792489 -0.007040830 -0.002827777 -0.006405909 -0.002810281 -0.007676301 -0.002807408
midir   22  3.200e-06 -0.010035131 -0.002790550 -0.010035131 -0.002772931 -0.010035131 -0.002808168 -0.009401900 -0.002791214 -0.010670415 -0.002787248
midir   23  3.200e-06 -0.013019340 -0.002730556 -0.013019340 -0.002712964 -0.013019340 -0.002748147 -0.012387798 -0.002731735 -0.013654384 -0.002726680
midir   24  3.200e-06 -0.016013630 -0.002670564 -0.016013630 -0.002653000 -0.016013630 -0.002688129 -0.015383783 -0.002672260 -0.016648435 -0.002666112
midir   25  3.200e-06 -0.017518213 -0.011924361 -0.017518213 -0.011906628 -0.017518213 -0.011942095 -0.016888042 -0.011926309 -0.018164860 -0.011919624
midir   26  3.200e-06 -0.014523922 -0.011984353 -0.014523922 -0.011966592 -0.014523922 -0.012002113 -0.013892056 -0.011985785 -0.015170810 -0.011980192
midir   27  3.200e-06 -0.011529626 -0.012024140 -0.011529626 -0.012006353 -0.011529626 -0.012041927 -0.010896068 -0.012025056 -0.012176728 -0.012020556
midir   28  3.200e-06 -0.008535328 -0.012053826 -0.008535328 -0.012036013 -0.008535328 -0.012071639 -0.007900079 -0.012054225 -0.009182630 -0.012050817
midir   29  3.200e-06 -0.005541030 -0.012083511 -0.005541030 -0.012065672 -0.005541030 -0.012101351 -0.004904089 -0.012083394 -0.006188532 -0.012081079
midir   30  3.200e-06 -0.002546729 -0.012103095 -0.002546729 -0.012085229 -0.002546729 -0.012120960 -0.001908099 -0.012102461 -0.003194419 -0.012101239
midir   31  3.200e-06  0.000447578 -0.012102474  0.000447578 -0.012084583  0.000447578 -0.012120365  0.001087895 -0.012101324 -0.000200275 -0.012101194
midir   32  3.200e-06  0.003441887 -0.012091751  0.003441887 -0.012073834  0.003441887 -0.012109668  0.004083890 -0.012090084  0.002793885 -0.012091047
midir   33  3.200e-06  0.006436198 -0.012070926  0.006436198 -0.012052984  0.006436198 -0.012088868  0.007079886 -0.012068743  0.005788061 -0.012070799
midir   34  3.200e-06  0.009430512 -0.012039999  0.009430512 -0.012022032  0.009430512 -0.012057966  0.010075883 -0.012037300  0.008782252 -0.012040448
midir   35  3.200e-06  0.012424831 -0.011988868  0.012424831 -0.011970876  0.012424831 -0.012006860  0.013071883 -0.011985652  0.011776475 -0.011989893
midir   36  3.200e-06  0.015419151 -0.011937737  0.015419151 -0.011919721  0.015419151 -0.011955754  0.016067883 -0.011934005  0.014770698 -0.011939338
midir   1   4.000e-06 -0.017472237  0.002321245 -0.017472237  0.002338465 -0.017472237  0.002304025 -0.016853515  0.002318085 -0.018093333  0.002327593
midir   2   4.000e-06 -0.014478782  0.002251464 -0.014478782  0.002268712 -0.014478782  0.002234216 -0.013859201  0.002249058 -0.015101043  0.002256993
midir   3   4.000e-06 -0.011485335  0.002171600 -0.011485335  0.002188876 -0.011485335  0.002154323 -0.010864888  0.002169947 -0.012108768  0.002176309
midir   4   4.000e-06 -0.008491872  0.002111902 -0.008491872  0.002129206 -0.008491872  0.002094598 -0.007870572  0.002111004 -0.009116463  0.002115793
midir   5   4.000e-06 -0.005498378  0.002092538 -0.005498378  0.002109869 -0.005498378  0.002075206 -0.004876249  0.002092395 -0.006124100  0.002095611
midir   6   4.000e-06 -0.002504883  0.002073174 -0.002504883  0.002090532 -0.002504883  0.002055815 -0.001881926  0.002073786 -0.003131738  0.002075430
midir   7   4.000e-06  0.000488619  0.002063893  0.000488619  0.002081278  0.000488619  0.002046507  0.001112399  0.002065260 -0.000139361  0.002065332
midir   8   4.000e-06  0.003482130  0.002064695  0.003482130  0.002082108  0.003482130  0.002047283  0.004106726  0.002066818  0.002853031  0.002065318
midir   9   4.000e-06  0.006475656  0.002085665  0.006475656  0.002103104  0.006475656  0.002068226  0.007101055  0.002088543  0.005845452  0.002085471
midir   10  4.000e-06  0.009459111  0.002116715  0.009459111  0.002134180  0.009459111  0.002099250  0.010085305  0.002120347  0.008827812  0.002115708
midir   11  4.000e-06  0.012452669  0.002178018  0.012452669  0.002195509  0.012452669  0.002160527  0.013079642  0.002182406  0.011820291  0.002176197
midir   12  4.000e-06  0.015446227  0.002239321  0.015446227  0.002256837  0.015446227  0.002221804  0.016073978  0.002244466  0.014812769  0.002236685
midir   13  4.000e-06  0.016940921 -0.006794983  0.016940921 -0.006777294  0.016940921 -0.006812673  0.017574660 -0.006789617  0.016300995 -0.006798362
midir   14  4.000e-06  0.013947363 -0.006856286  0.013947363 -0.006838622  0.013947363 -0.006873950  0.014580323 -0.006851677  0.013308516 -0.006858851
midir   15  4.000e-06  0.010953806 -0.006917589  0.010953806 -0.006899951  0.010953806 -0.006935227  0.011585987 -0.006913736  0.010316038 -0.006919339
midir   16  4.000e-06  0.007960263 -0.006958725  0.007960263 -0.006941113  0.007960263 -0.006976337  0.008591654 -0.006955628  0.007323588 -0.006959660
midir   17  4.000e-06  0.004966721 -0.006999861  0.004966721 -0.006982276  0.004966721 -0.007017447  0.005597320 -0.006997520  0.004331138 -0.006999981
midir   18  4.000e-06  0.001973203 -0.007010747  0.001973203 -0.006993188  0.001973203 -0.007028307  0.002602992 -0.007009162  0.001338732 -0.007010051
midir   19  4.000e-06 -0.001020307 -0.007011550 -0.001020307 -0.006994018 -0.001020307 -0.007029082 -0.000391334 -0.007010720 -0.001653660 -0.007010037
midir   20  4.000e-06 -0.004013818 -0.007012353 -0.004013818 -0.006994847 -0.004013818 -0.007029858 -0.003385661 -0.007012278 -0.004646052 -0.007010023
midir   21  4.000e-06 -0.007007304 -0.006982905 -0.007007304 -0.006965427 -0.007007304 -0.007000383 -0.006379982 -0.006983585 -0.007638400 -0.006979758
midir   22  4.000e-06 -0.010000799 -0.006963541 -0.010000799 -0.006946090 -0.010000799 -0.006980992 -0.009374305 -0.006964976 -0.010630762 -0.006959576
midir   23  4.000e-06 -0.012984182 -0.006903840 -0.012984182 -0.006886418 -0.012984182 -0.006921263 -0.012358539 -0.006906028 -0.013612991 -0.006899060
midir   24  4.000e-06 -0.015977645 -0.006844143 -0.015977645 -0.006826748 -0.015977645 -0.006861538 -0.015352855 -0.006847084 -0.016605296 -0.006838543
midir   25  4.000e-06 -0.017486699 -0.016080920 -0.017486699 -0.016063375 -0.017486699 -0.016098464 -0.016856616 -0.016084401 -0.018119828 -0.016075252
midir   26  4.000e-06 -0.014493236 -0.016140617 -0.014493236 -0.016123045 -0.014493236 -0.016158190 -0.013862300 -0.016143345 -0.015127523 -0.016135768
midir   27  4.000e-06 -0.011499757 -0.016180148 -0.011499757 -0.016162548 -0.011499757 -0.016197748 -0.010867980 -0.016182121 -0.012135190 -0.016176117
midir   28  4.000e-06 -0.008506271 -0.016209596 -0.008506271 -0.016191968 -0.008506271 -0.016227223 -0.007873659 -0.016210814 -0.009142841 -0.016206382
midir   29  4.000e-06 -0.005512784 -0.016239043 -0.005512784 -0.016221388 -0.005512784 -0.016256698 -0.004879337 -0.016239506 -0.006150493 -0.016236648
midir   30  4.000e-06 -0.002519290 -0.016258407 -0.002519290 -0.016240725 -0.002519290 -0.016276090 -0.001885014 -0.016258115 -0.003158131 -0.016256829
midir   31  4.000e-06  0.000474221 -0.016257605  0.000474221 -0.016239896  0.000474221 -0.016275314  0.001109312 -0.016256557 -0.000165739 -0.016256843
midir   32  4.000e-06  0.003467739 -0.016246719  0.003467739 -0.016228983  0.003467739 -0.016264455  0.004103640 -0.016244916  0.002826667 -0.016246774
midir   33  4.000e-06  0.006461265 -0.016225750  0.006461265 -0.016207987  0.006461265 -0.016243512  0.007097970 -0.016223191  0.005819088 -0.016226620
midir   34  4.000e-06  0.009454800 -0.016194697  0.009454800 -0.016176908  0.009454800 -0.016212485  0.010092301 -0.016191382  0.008811523 -0.016196383
midir   35  4.000e-06  0.012448350 -0.016143477  0.012448350 -0.016125663  0.012448350 -0.016161292  0.013086636 -0.016139406  0.011803988 -0.016145978
midir   36  4.000e-06  0.015441900 -0.016092258  0.015441900 -0.016074417  0.015441900 -0.016110098  0.016080971 -0.016087430  0.014796452 -0.016095573
midir   1   4.200e-06 -0.017461348  0.001089443 -0.017461348  0.001106618 -0.017461348  0.001072267 -0.016843668  0.001085676 -0.018080331  0.001095869
midir   2   4.200e-06 -0.014468406  0.001019696 -0.014468406  0.001036900 -0.014468406  0.001002493 -0.013849873  0.001016809 -0.015088526  0.001025307
midir   3   4.200e-06 -0.011475473  0.000939872 -0.011475473  0.000957103 -0.011475473  0.000922641 -0.010856080  0.000937864 -0.012096737  0.000944668
midir   4   4.200e-06 -0.008482524  0.000880204 -0.008482524  0.000897462 -0.008482524  0.000862945 -0.007862283  0.000879075 -0.009104918  0.000884185
midir   5   4.200e-06 -0.005489544  0.000860847 -0.005489544  0.000878132 -0.005489544  0.000843561 -0.004868478  0.000860598 -0.006113041  0.000864015
midir   6   4.200e-06 -0.002496564  0.000841490 -0.002496564  0.000858802 -0.002496564  0.000824177 -0.001874672  0.000842122 -0.003121165  0.000843845
midir   7   4.200e-06  0.000496424  0.000832211  0.000496424  0.000849550  0.000496424  0.000814872  0.001119135  0.000833723 -0.000129273  0.000833753
midir   8   4.200e-06  0.003489419  0.000833010  0.003489419  0.000850375  0.003489419  0.000815644  0.004112944  0.000835402  0.002862632  0.000833740
midir   9   4.200e-06  0.006482430  0.000853964  0.006482430  0.000871356  0.006482430  0.000836573  0.007106758  0.000857238  0.005854567  0.000853883
midir   10  4.200e-06  0.009465371  0.000884994  0.009465371  0.000902412  0.009465371  0.000867577  0.010090493  0.000889146  0.008836443  0.000884104
midir   11  4.200e-06  0.012458413  0.000946260  0.012458413  0.000963703  0.012458413  0.000928818  0.013084315  0.000951294  0.011828436  0.000944560
midir   12  4.200e-06  0.015451455  0.001007527  0.015451455  0.001024995  0.015451455  0.000990058  0.016078137  0.001013442  0.014820429  0.001005016
midir   13  4.200e-06  0.016946055 -0.008021859  0.016946055 -0.008004222  0.016946055 -0.008039495  0.017578234 -0.008015659  0.016308410 -0.008025102
midir   14  4.200e-06  0.013953013 -0.008083125  0.013953013 -0.008065514  0.013953013 -0.008100736  0.014584412 -0.008077807  0.013316418 -0.008085558
midir   15  4.200e-06  0.010959972 -0.008144391  0.010959972 -0.008126806  0.010959972 -0.008161977  0.011590591 -0.008139954  0.010324425 -0.008146014
midir   16  4.200e-06  0.007966945 -0.008185502  0.007966945 -0.008167942  0.007966945 -0.008203062  0.008596773 -0.008181946  0.007332461 -0.008186314
midir   17  4.200e-06  0.004973919 -0.008226612  0.004973919 -0.008209078  0.004973919 -0.008244146  0.005602955 -0.008223938  0.004340497 -0.008226613
midir   18  4.200e-06  0.001980916 -0.008237489  0.001980916 -0.008219981  0.001980916 -0.008254997  0.002609144 -0.008235695  0.001348577 -0.008236678
midir   19  4.200e-06 -0.001012080 -0.008238288 -0.001012080 -0.008220806 -0.001012080 -0.008255769 -0.000384666 -0.008237375 -0.001643329 -0.008236665
midir   20  4.200e-06 -0.004005075 -0.008239087 -0.004005075 -0.008221632 -0.004005075 -0.008256542 -0.003378475 -0.008239054 -0.004635235 -0.008236651
midir   21  4.200e-06 -0.006998048 -0.008209652 -0.006998048 -0.008192224 -0.006998048 -0.008227080 -0.006372278 -0.008210499 -0.007627097 -0.008206403
midir   22  4.200e-06 -0.009991027 -0.008190295 -0.009991027 -0.008172894 -0.009991027 -0.008207696 -0.009366084 -0.008192023 -0.010618974 -0.008186233
midir   23  4.200e-06 -0.012973899 -0.008130624 -0.012973899 -0.008113250 -0.012973899 -0.008147998 -0.012349801 -0.008133228 -0.013600719 -0.008125750
midir   24  4.200e-06 -0.015966848 -0.008070956 -0.015966848 -0.008053609 -0.015966848 -0.008088302 -0.015343598 -0.008074439 -0.016592537 -0.008065267
midir   25  4.200e-06 -0.017475475 -0.017302700 -0.017475475 -0.017285209 -0.017475475 -0.017320192 -0.016847431 -0.017306786 -0.018106825 -0.017296937
midir   26  4.200e-06 -0.014482526 -0.017362369 -0.014482526 -0.017344850 -0.014482526 -0.017379888 -0.013853634 -0.017365575 -0.015115007 -0.017357420
midir   27  4.200e-06 -0.011489562 -0.017401881 -0.011489562 -0.017384335 -0.011489562 -0.017419428 -0.010859833 -0.017404207 -0.012123159 -0.017397746
midir   28  4.200e-06 -0.008496590 -0.017431316 -0.008496590 -0.017413743 -0.008496590 -0.017448889 -0.007866030 -0.017432762 -0.009131297 -0.017427994
midir   29  4.200e-06 -0.005503617 -0.017460751 -0.005503617 -0.017443151 -0.005503617 -0.017478351 -0.004872227 -0.017461317 -0.006139435 -0.017458243
midir   30  4.200e-06 -0.002510638 -0.017480108 -0.002510638 -0.017462481 -0.002510638 -0.017497735 -0.001878421 -0.017479794 -0.003147558 -0.017478413
midir   31  4.200e-06  0.000482358 -0.017479309  0.000482358 -0.017461656  0.000482358 -0.017496962  0.001115388 -0.017478114 -0.000155652 -0.017478426
midir   32  4.200e-06  0.003475361 -0.017468432  0.003475361 -0.017450753  0.003475361 -0.017486112  0.004109200 -0.017466357  0.002836268 -0.017468361
midir   33  4.200e-06  0.006468372 -0.017447478  0.006468372 -0.017429772  0.006468372 -0.017465183  0.007103013 -0.017444521  0.005828203 -0.017448218
midir   34  4.200e-06  0.009461391 -0.017416445  0.009461391 -0.017398713  0.009461391 -0.017434177  0.010096829 -0.017412608  0.008820152 -0.017417997
midir   35  4.200e-06  0.012454425 -0.017365257  0.012454425 -0.017347500  0.012454425 -0.017383014  0.013090649 -0.017360538  0.011812131 -0.017367619
midir   36  4.200e-06  0.015447459 -0.017314068  0.015447459 -0.017296286  0.015447459 -0.017331851  0.016084468 -0.017308468  0.014804109 -0.017317242
