005138.1
006001
006002
006003
006004
006005
006006
006007
006008
006009
006010
006011
006011.1
006012
006013
006014
006015
006016
006017
006018
006018.1
006019
006020
006021
006022
006023
006024
006025
006026
006027
006028
006029
006030
006031
006032
006033
006034
006035
006036
006037
006038
006039
006040
006041
006041.1
006042
006043
006044
006045
006046
006047
006048
006049
006050
006051
006052
006053
006054
006055
006056
006057
006058
006059
006060
006061
006062
006063
006064
006065
006066
006067
006068
006069
006070
006071
006072
006073
006074
006075
006076
006077
006078
006079
006080
006081
006081.1
006082
006083
006084
006085
006086
006087
006088
006089
006090
006091
006092
006093
006093:cs
006094
006095
006095:cs
006096
006097
006098
006099
006099.1
006100
006101
006102
006103
006104
006105
006106
006107
006108
006109
006110
006110:cs
006110.1
006111
006112
006113
006114
006115
006116
006117
006118
006119
006120
006121
006122
006123
006124
006125
006126
006127
006128
006129
006129.1
006130
006131
006132
006133
006134
006135
006136
006137
006138
006139
006140
006141
006142
006143
006144
006145
006146
006147
006148
006149
006150
006151
006152
006152.1
006153
006154
006155
006156
006157
006158
006159
006160
006161
006162
006163
006164
006165
006166
006167
006168
006169
006170
006171
006172
006173
006174
006175
006175.1
006176
006177
006178
006179
006180
006181
006182
006183
006184
006184.1
006185
006186
006187
006188
006189
006190
006191
006192
006193
006194
006195
006196
006197
006197.1
006198
006199
006200
006201
006202
006203
006204
006205
006206
006207
006208
006209
006210
006211
006212
006213
006214
006215
006216
006217
006218
006219
006220
006221
006222
006222.1
006223
006224
006225
006226
006227
006228
006229
006230
006231
006231.1
006232
006233
006234
006235
006236
006237
006238
006239
006239:cs
006240
006241
006242
006242.1
006243
006244
006245
006246
006247
006248
006249
006250
006251
006252
006253
006254
006255
006255.1
006256
006257
006258
006259
006260
006261
006262
006263
006264
006265
006266
006267
006268
006269
006270
006271
006272
006273
006273.1
006274
006275
006276
006276:cs
006277
006278
006279
006280
006281
006282
006283
006284
006285
006286
006287
006288
006289
006290
006291
006292
006293
006294
006295
006296
006297
006298
006299
006300
006301
006302
006303
006303.1
006303.2
006304
006305
006306
006307
006308
006309
006310
006311
006312
006313
006314
006314.1
006315
006316
006317
006318
006319
006320
006321
006322
006323
006324
006325
006326
006326.1
006327
006328
006329
006330
006331
006332
006333
006333.1
006334
006335
006336
006337
006338
006339
006339.1
006340
006340.1
006341
006341.1
006342
006343
006344
006345
006345.1
006346
006347
006348
006349
006350
006351
006352
006353
006354
006355
006356
006357
006358
006359
006360
006361
006362
006363
006364
006365
006366
006367
006368
006369
006370
006371
006372
006373
006374
006375
006376
006377
006378
006379
006380
006381
006382
006383
006384
006385
006386
006387
006388
006389
006390
006391
006392
006393
006394
006394.1
006395
006396
006397
006398
006399
006400
006401
006402
006403
006404
006405
006406
006407
006407.1
006408
006409
006410
006410.1
006411
006412
006413
006414
006415
006416
006417
006418
006419
006420
006421
006422
006423
006424
006425
006426
006427
006428
006429
006430
006431
006432
006433
006434
006435
006436
006437
006438
006439
006440
006441
006442
006443
006444
006445
006446
006447
006448
006449
006450
006451
006452
006453
006454
006455
006456
006457
006458
006459
006460
006461
006462
006463
006464
006465
006466
006467
006467.1
006468
006469
006471
006472
006473
006474
006475
006476
006477
006478
006479
006480
006481
006482
006483
006484
006485
006486
006487
006488
006489
006490
006491
006492
006492.1
006493
006494
006495
006496
006497
006498
006499
006500
006501
006502
006503
006504
006505
006506
006507
006508
006509
006510
006511
006511.1
006512
006512.1
006513
006514
006515
006516
006517
006518
006519
006520
006521
006522
006523
006524
006525
006526
006527
006528
006529
006530
006531
006532
006533
006534
006535
006536
006536:cs
006537
006538
006539
006540
006541
006542
006543
006544
006545
006546
006546.1
006547
006548
006549
006550
006551
006552
006553
006554
006555
006556
006557
006558
006558.1
006559
006560
006561
006562
006563
006564
006565
006565:cs
006566
006567
006568
006569
006570
006571
006572
006573
006574
006575
006576
006577
006578
006579
006580
006581
006582
006583
006584
006585
006586
006587
006588
006589
006590
006591
006592
006593
006594
006595
006596
006597
006598
006599
006600
006601
006602
006603
006604
006605
006606
006607
006608
006609
006610
006611
006612
006613
006614
006615
006615.1
006616
006617
006618
006619
006620
006621
006622
006623
006624
006625
006626
006627
006628
006629
006630
006631
006631.1
006632
006633
006634
006635
006636
006637
006637.1
006638
006639
006640
006641
006642
006643
006644
006645
006646
006647
006648
006649
006650
006651
006652
006653
006654
006655
006656
006657
006658
006659
006660
006661
006662
006663
006664
006665
006666
006667
006668
006669
006670
006670.1
006671
006671.1
006672
006673
006674
006675
006676
006677
006678
006679
006680
006681
006682
006683
006684
006685
006686
006687
006688
006689
006690
006691
006692
006693
006694
006695
006696
006697
006698
006699
006700
006701
006702
006703
006704
006705
006706
006707
006708
006709
006710
006711
006712
006713
006714
006715
006716
006717
006717.1
006718
006719
006720
006721
006722
006723
006724
006725
006725.1
006726
006727
006728
006729
006730
006731
006732
006733
006734
006735
006736
006737
006738
006739
006740
006741
006742
006743
006744
006745
006746
006747
006748
006749
006750
006751
006752
006753
006754
006755
006756
006757
006758
006759
006759.1
006760
006760.1
006760.2
006761
006762
006763
006763.1
006764
006765
006766
006767
006768
006769
006770
006771
006772
006773
006774
006775
006776
006777
006778
006779
006780
006781
006781.1
006782
006783
006784
006785
006785.1
006786
006787
006788
006789
006790
006790.1
006791
006792
006793
006794
006795
006796
006797
006798
006799
006800
006801
006802
006803
006804
006806
006807
006808
006809
006810
006811
006812
006813
006814
006815
006816
006817
006818
006819
006820
006821
006821.1
006822
006823
006824
006825
006826
006826.1
006827
006828
006829
006830
006831
006832
006833
006834
006835
006836
006837
006838
006839
006840
006841
006842
006843
006844
006845
006845.1
006846
006847
006848
006849
006850
006851
006852
006853
006854
006854.1
006855
006856
006857
006858
006858:cs
006859
006860
006861
006862
006863
006864
006865
006866
006867
006868
006869
006870
006871
006872
006873
006874
006875
006876
006877
006878
006879
006880
006881
006882
006883
006884
006885
006886
006887
006888
006889
006890
006891
006892
006893
006894
006895
006896
006897
006898
006899
006900
006901
006902
006903
006904
006905
006906
006907
006908
006909
006910
006911
006912
006912.1
006913
006914
006915
006916
006916:cs
006917
006918
006919
006920
006921
006922
006923
006924
006925
006926
006927
006928
006930
006931
006932
006933
006934
006935
006936
006937
006938
006939
006940
006941
006942
006942.1
006943
006944
006945
006946
006947
006948
006949
006950
006951
006952
006953
006954
006955
006956
006957
006958
006959
006960
006961
006962
006963
006964
006965
006966
006967
006968
006969
006970
006971
006972
006973
006974
006974.1
006975
006976
006977
006978
006979
006980
006981
006982
006983
006984
006985
006986
006987
006988
006989
006990
006990.1
006991
006992
006993
006994
006995
006996
006997
006998
006999
007000
007001
007002
007003
007004
007005
007006
007007
007008
007009
007010
007011
007012
007013
007014
007015
007016
007017
007018
007019
007019.1
007020
007021
007022
007023
007024
007025
007026
007027
007028
007028:cs
007028.1
007029
007030
007031
007032
007033
007034
007035
007036
007037
007038
007039
007040
007040:cs
007041
007042
007043
007044
007045
007046
007047
007048
007049
007050
007051
007052
007053
007054
007055
007056
007057
007058
007059
007059.1
007060
007060.1
007061
007062
007063
007064
007065
007066
007067
007068
007069
007070
007071
007072
007073
007074
007075
007076
007077
007078
007079
007079.1
007080
007081
007082
007083
007084
007085
007086
007087
007088
007089
007090
007091
007092
007093
007094
007095
007096
007097
007098
007099
007100
007101
007102
007103
007104
007105
007106
007107
007108
007109
007110
007111
007112
007113
007114
007114.1
007115
007116
007117
007118
007119
007120
007121
007122
007123
007124
007125
007126
007127
007128
007129
007130
007131
007132
007133
007134
007134.1
007135
007136
007137
007138
007139
007140
007141
007142
007143
007144
007145
007146
007147
007148
007149
007150
007151
007152
007153
007154
007155
007156
007157
007158
007159
007160
007161
007162
007163
007164
007165
007166
007166.1
007167
007168
007169
007169.1
007170
007171
007172
007173
007174
007175
007176
007177
007178
007179
007180
007181
007182
007183
007184
007185
007186
007187
007188
007189
007190
007191
007192
007193
007194
007195
007196
007197
007198
007198.1
007199
007199.1
007199.2
007200
007200.1
007201
007202
007203
007204
007205
007205.1
007206
007207
007208
007209
007210
007211
007212
007213
007214
007215
007216
007217
007218
007219
007220
007221
007222
007223
007224
007225
007226
007226:cs
007227
007228
007229
007230
007230.1
007231
007232
007233
007234
007235
007236
007237
007238
007239
007240
007241
007242
007243
007244
007245
007245.1
007246
007247
007248
007249
007250
007251
007251.1
007252
007253
007254
007255
007256
007257
007258
007259
007260
007261
007262
007263
007264
007264.1
007265
007266
007267
007268
007269
007270
007271
007272
007273
007274
007275
007276
007277
007278
007279
007280
007281
007282
007283
007284
007285
007285.1
007286
007287
007288
007289
007290
007291
007292
007293
007294
007295
007296
007297
007298
007299
007300
007301
007302
007303
007303:cs
007304
007305
007306
007307
007308
007309
007310
007311
007312
007313
007314
007315
007316
007317
007318
007319
007320
007321
007322
007324
007325
007326
007327
007328
007329
007330
007331
007332
007333
007334
007335
007336
007337
007338
007339
007340
007341
007342
007343
007344
007345
007346
007347
007348
007349
007350
007351
007352
007353
007354
007355
007356
007357
007358
007359
007360
007361
007362
007363
007364
007365
007366
007367
007368
007370
007371
007372
007373
007374
007375
007376
007377
007378
007379
007380
007381
007382
007383
007384
007385
007386
007387
007388
007389
007390
007391
007392
007393
007394
007395
007396
007397
007398
007399
007400
007401
007402
007403
007404
007405
007406
007407
007408
007409
007410
007411
007412
007413
007414
007415
007416
007417
007418
007419
007420
007421
007422
007423
007424
007425
007426
007427
007428
007429
007430
007431
007431.1
007432
007433
007434
007435
007436
007437
007438
007439
007440
007441
007442
007443
007444
007445
007446
007447
007448
007449
007450
007451
007452
007453
007454
007455
007456
007457
007458
007459
007460
007461
007462
007463
007464
007465
007466
007467
007467.1
007468
007469
007470
007471
007472
007473
007474
007475
007476
007477
007478
007479
007480
007481
007482
007483
007484
007484.1
007485
007486
007487
007488
007489
007490
007491
007492
007493
007494
007495
007496
007496.1
007497
007498
007499
007500
007501
007502
007503
007504
007505
007506
007507
007508
007509
007510
007511
007512
007513
007514
007515
007516
007517
007518
007519
007520
007521
007522
007523
007524
007524.1
007525
007526
007527
007528
007529
007530
007531
007531:cs
007532
007533
007534
007535
007536
007537
007538
007539
007540
007541
007542
007543
007544
007545
007546
007547
007548
007549
007550
007551
007552
007553
007554
007555
007556
007557
007558
007559
007560
007561
007562
007563
007564
007565
007566
007566.1
007567
007568
007569
007570
007571
007572
007573
007574
007575
007575.1
007576
007577
007578
007579
007580
007580.1
007581
007582
007583
007584
007585
007586
007587
007588
007589
007590
007590.1
007591
007592
007593
007594
007595
007596
007597
007598
007599
007600
007601
007602
007603
007604
007605
007606
007607
007608
007609
007610
007611
007612
007613
007614
007615
007616
007617
007618
007619
007620
007621
007622
007623
007624
007625
007626
007627
007628
007628.1
007629
007630
007631
007632
007633
007634
007635
007636
007637
007638
007639
007640
007640:cs
007641
007642
007643
007644
007645
007646
007647
007648
007649
007650
007651
007652
007653
007654
007655
007656
007657
007658
007659
007660
007661
007661:cs
007662
007663
007664
007665
007666
007667
007668
007669
007670
007671
007671.1
007672
007673
007674
007675
007676
007677
007678
007679
007680
007681
007682
007683
007684
007685
007686
007687
007688
007689
007690
007691
007692
007693
007694
007695
007696
007697
007698
007699
007700
007701
007702
007703
007704
007705
007706
007707
007708
007709
007710
007711
007712
007713
007714
007715
007716
007717
007718
007718:cs
007719
007720
007721
007722
007723
007724
007725
007726
007727
007728
007729
007730
007731
007732
007733
007734
007735
007736
007737
007738
007739
007740
007741
007742
007743
007744
007745
007746
007747
007748
007748:cs
007749
007749.1
007750
007751
007752
007753
007754
007755
007755:cs
007756
007757
007758
007758:cs
007759
007760
007760:cs
007760.1
007761
007762
007763
007764
007765
007766
007767
007768
007769
007770
007771
007772
007773
007774
007775
007776
007777
007778
007779
007780
007780:cs
007781
007782
007783
007784
007785
007786
007787
007788
007789
007790
007791
007792
007793
007794
007795
007796
007797
007797.1
007798
007799
007800
007801
007802
007803
007804
007805
007805.1
007806
007807
007808
007809
007809:cs
007809.1
007810
007811
007812
007813
007814
007815
007816
007817
007818
007819
007820
007821
007821:cs
007822
007823
007824
007825
007826
007826.1
007827
007828
007829
007830
007831
007832
007833
007834
007835
007836
007837
007838
007839
007840
007840.1
007841
007842
007842.1
007842.2
007843
007844
007845
007846
007847
007848
007849
007850
007851
007852
007853
007854
007855
007856
007857
007858
007859
007860
007861
007862
007863
007864
007865
007866
007867
007868
007869
007870
007871
007871.1
007872
007873
007874
007875
007876
007876.1
007877
007878
007879
007880
007881
007882
007883
007884
007885
007886
007887
007888
007889
007890
007891
007892
007893
007894
007895
007896
007897
007898
007899
007900
007901
007902
007903
007904
007904.1
007905
007906
007907
007908
007909
007910
007911
007912
007913
007914
007915
007916
007917
007918
007919
007920
007921
007922
600001
600003
600004
600005
600006
600007
600008
600009
600010
600011
600012
600013
600014
600015
600016
600017
600018
600019
600020
600021
600022
600023
600024
600025
600026
600027
600028
600029
600030
600031
600032
600033
600034
600035
600036
600037
600038
600039
600040
600041
600042
600043
600044
600045
600046
600047
600048
600049
600050
600051
600052
600053
600054
600055
600056
600057
600058
600059
600060
600061
600062
600063
600064
600065
600066
600067
600068
600069
600070
600071
600072
600073
600074
600075
600076
600077
600078
600079
600080
600081
600082
600083
600084
600085
600086
600087
600089
600090
600091
600092
600093
600094
600095
600096
600097
600098
600099
600100
600101
600104
600107
600109
600110
600111
600112
600113
600114
600115
600116
600117
600118
600119
600120
600121
600122
600123
600124
600125
600126
600127
600128
600129
600130
600131
600132
600133
600134
600135
600136
600137
600138
600139
600141
600142
600143
600144
600146
600147
600148
600150
600151
600152
600153
600154
600155
600157
600158
600159
600160
600161
600162
600163
600164
600165
600166
600167
600168
600169
600170
600171
600172
600173
600174
600175
600176
600177
600178
600180
600181
600182
600183
600184
600185
600186
600187
600188
600190
600191
600192
600193
600193.1
600195
600196
600197
600198
600199
600200
600201
600202
600203
600204
600205
600206
600207
600208
600209
600210
600211
600212
600213
600214
600215
600216
600217
600218
600219
600220
600221
600222
600223
600224
600225
600226
600227
600228
600229
600230
600231
600232
600233
600234
600235
600236
600237
600238
600239
600240
600241
600242
600243
600244
600245
600246
600247
600248
600249
600250
600251
600252
600253
600254
600255
600256
600257
600259
600260
600261
600262
600264
600265
600266
600267
600268
600269
600270
600271
600272
600274
600275
600276
600277
600278
600279
600280
600281
600282
600283
600285
600285.1
600286
600287
600288
600289
600290
600292
600293
600294
600295
600296
600297
600298
600299
600302
600303
600304
600305
600306
600307
600308
600309
600310
600311
600312
600314
600315
600316
600317
600318
600319
600320
600321
600322
600325
600326
600327
600328
600329
600330
600331
600332
600333
600334
600336
600337
600338
600339
600340
600341
600344
600345
600346
600347
600348
600349
600350
600351
600352
600355
600355.1
600356
600357
600358
600358.1
600359
600360
600361
600362
600363
600364
600365
600366
600367
600368
600369
600370
600371
600372
600373
600374
600375
600376
600377
600377.1
600378
600379
600381
600384
600385
600387
600388
600389
600390
600391
600392
600393
600394
600395
600396
600397
600399
600400
600401
600403
600404
600405
600406
600407
600408
600409
600410
600411
600412
600413
600414
600415
600416
600417
600418
600419
600420
600421
600422
600423
600424
600425
600428
600428.0
600430
600431
600432
600433
600434
600435
600436
600437
600438
600439
600442
600443
600444
600445
600446
600447
600448
600449
600450
600451
600452
600455
600456
600457
600458
600459
600460
600461
600463
600464
600465
600466
600467
600468
600469
600470
600471
600472
600473
600474
600475
600476
600477
600478
600479
600480
600481
600482
600483
600484
600485
600486
600487
600488
600489
600490
600491
600492
600493
600494
600495
600496
600497
600498
600499
600500
600501
600502
600503
600504
600505
600506
600507
600508
600509
600510
600512
600513
600514
600515
600516
600517
600518
600519
600520
600521
600522
600524
600525
600526
600527
600528
600529
600530
600531
600532
600534
600535
600536
600537
600538
600539
600540
600541
600542
600543
600544
600545
600546
600547
600548
600549
600550
600551
600552
600553
600554
600555
600556
600557
600558
600559
600560
600561
600562
600563
600564
600565
600566
600567
600568
600569
600570
600571
600572
600573
600574
600575
600576
600577
600579
600580
600581
600582
600583
600584
600585
600586
600586.1
600587
600588
600589
600590
600591
600592
600593
600594
600595
600596
600597
600598
600599
600600
600601
600603
600604
600606
600607
600608
600609
600610
600611
600612
600613
600614
600615
600616
600617
600618
600619
600620
600621
600622
600623
600624
600626
600627
600628
600629
600630
600631
600632
600633
600634
600635
600636
600637
600638
600639
600640
600641
600642
600643
600644
600645
600646
600648
600649
600650
600651
600652
600653
600654
600655
600656
600657
600658
600660
600661
600662
600663
600664
600665
600666
600667
600667.1
600668
600669
600670
600671
600672
600673
600674
600675
600676
600677
600678
600679
600680
600680.1
600681
600684
600685
600687
600688
600689
600690
600691
600693
600694
600696
600697
600698
600699
600700
600701
600702
600703
600704
600705
600706
600707
600708
600709
600710
600712
600714
600715
600716
600717
600718
600719
600720
600721
600724
600725
600726
600727
600729
600731
600732
600733
600734
600736
600737
600738
600739
600741
600742
600743
600744
600745
600746
600747
600748
600749
600750
600751
600752
600753
600754
600755
600756
600757
600758
600759
600760
600761
600762
600763
600764
600767
600768
600769
600770
600771
600772
600773
600774
600775
600776
600777
600778
600779
600780
600781
600782
600783
600784
600785
600786
600787
600789
600790
600791
600792
600793
600794
600795
600796
600797
600798
600799
600800
600801
600802
600803
600804
600805
600806
600807
600808
600809
600810
600811
600813
600814
600815
600816
600817
600821
600822
600823
600824
600825
600826
600827
600828
600830
600831
600832
600834
600835
600836
600837
600838
600839
600840
600841
600842
600844
600845
600846
600849
600850
600852
600853
600854
600856
600857
600858
600859
600860
600861
600862
600863
600865
600866
600867
600868
600869
600870
600871
600872
600873
600873.1
600874
600875
600876
600877
600878
600879
600880
600881
600882
600883
600884
600885
600886
600887
600888
600889
600890
600891
600892
600893
600894
600895
600896
600897
600898
600899
600900
600901
600902
600903
600904
600905
600907
600908
600909
600910
600911
600912
600914
600915
600917
600918
600920
600921
600922
600923
600924
600925
600926
600928
600929
600930
600931
600932
600933
600934
600935
600936
600937
600938
600939
600940
600941
600942
600943
600944
600945
600946
600947
600948
600949
600950
600951
600952
600953
600954
600956
600957
600958
600959
600960
600961
600962
600963
600964
600965
600966
600967
600968
600969
600970
600971
600972
600973
600974
600975
600976
600977
600978
600979
600980
600981
600982
600983
600984
600985
600986
600987
600988
600989
600990
600991
600992
600993
600994
600995
600996
600998
600999
601000
601002
601003
601004
601005
601006
601007
601008
601011
601012
601013
601014
601015
601016
601017
601018
601019
601020
601021
601022
601023
601024
601025
601026
601027
601028
601029
601030
601031
601032
601033
601034
601035
601036
601037
601038
601039
601040
601041
601042
601043
601044
601045
601046
601049
601050
601051
601052
601053
601054
601055
601056
601057
601058
601059
601060
601062
601063
601064
601065
601066
601067
601068
601068:cs
601069
601072
601073
601074
601075
601076
601077
601078
601079
601080
601081
601082
601083
601085
601087
601088
601089
601090
601091
601092
601093
601094
601095
601096
601097
601098
601099
601100
601101
601102
601103
601104
601106
601107
601107.1
601108
601109
601110
601111
601112
601113
601114
601115
601116
601117
601118
601119
601120
601121
601122
601123
601124
601125
601126
601127
601128
601129
601130
601131
601132
601133
601134
601135
601136
601137
601138
601139
601142
601143
601144
601145
601146
601147
601148
601150
601151
601152
601153
601154
601155
601156
601157
601159
601160
601161
601162
601163
601164
601165
601166
601167
601168
601169
601170
601171
601172
601173
601174
601175
601176
601177
601178
601179
601180
601181
601182
601183
601184
601185
601186
601187
601188
601189
601190
601191
601192
601193
601194
601197
601198
601199
601200
601201
601202
601203
601204
601205
601206
601207
601208
601209
601211
601212
601213
601214
601215
601216
601217
601218
601219
601220
601221
601222
601223
601224
601225
601226
601227
601228
601229
601230
601231
601232
601233
601234
601235
601236
601238
601239
601240
601241
601242
601243
601244
601245
601246
601247
601248
601250
601251
601252
601253
601254
601255
601256
601257
601258
601259
601260
601262
601265
601266
601267
601268
601269
601270
601271
601272
601272:cs
601273
601274
601275
601276
601277
601278
601279
601280
601281
601282
601283
601284
601285
601286
601287
601288
601289
601290
601291
601292
601293
601294
601295
601296
601297
601298
601299
601300
601301
601302
601303
601304
601305
601306
601307
601308
601310
601311
601312
601313
601314
601315
601316
601317
601318
601319
601320
601321
601322
601323
601324
601325
601326
601327
601328
601329
601330
601331
601332
601333
601335
601336
601337
601338
601339
601340
601341
601342
601343
601345
601346
601347
601348
601349
601350
601351
601352
601353
601354
601355
601356
601358
601359
601360
601361
601362
601363
601364
601365
601366
601367
601368
601369
601369.1
601370
601371
601372
601373
601374
601375
601376
601377
601378
601379
601380
601381
601383
601384
601385
601386
601387
601388
601389
601390
601391
601392
601393
601394
601395
601396
601396.1
601396a.1
601397
601398
601399
601400
601401
601402
601403
601404
601405
601406
601407
601408
601409
601410
601411
601412
601413
601414
601415
601416
601417
601418
601419
601420
601421
601422
601423
601424
601425
601426
601427
601428
601429
601430
601431
601432
601433
601434
601435
601436
601437
601438
601439
601440
601441
601442
601444
601445
601446
601447
601448
601449
601451
601452
601453
601454
601455
601456
601457
601458
601459
601459.1
601460
601461
601462
601463
601464
601465
601466
601467
601468
601469
601470
601471
601472
601472.1
601473
601474
601475
601476
601477
601478
601479
601481
601482
601483
601484
601485
601486
601487
601488
601489
601490
601491
601492
601493
601494
601495
601496
601497
601498
601499
601500
601501
601502
601503
601504
601505
601508
601509
601510
601512
601513
601514
601515
601516
601517
601518
601519
601520
601521
601523
601524
601525
601526
601527
601528
601529
601530
601532
601532.1
601533
601534
601535
601536
601537
601538
601539
601540
601541
601542
601543
601544
601545
601546
601547
601548
601550
601551
601552
601553
601554
601555
601556
601557
601558
601559
601560
601561
601562
601563
601564
601565
601566
601567
601568
601569
601570
601571
601572
601573
601574
601575
601576
601578
601579
601580
601581
601582
601583
601584
601585
601586
601587
601589
601590
601591
601592
601593
601594
601595
601595.1
601596
601597
601598
601599
601600
601601
601602
601603
601605
601607
601608
601609
601610
601611
601612
601614
601615
601616
601617
601618
601619
601621
601622
601623
601624
601625
601626
601627
601628
601629
601630
601631
601632
601633
601634
601635
601637
601638
601639
601640
601642
601643
601644
601645
601646
601647
601648
601649
601650
601651
601652
601653
601655
601656
601657
601658
601659
601660
601661
601662
601663
601664
601665
601666
601667
601668
601669
601670
601671
601672
601673
601674
601675
601676
601677
601678
601679
601680
601681
601682
601683
601684
601685
601686
601687
601689
601690
601691
601692
601693
601694
601695
601696
601697
601698
601699
601700
601701
601702
601703
601704
601705
601706
601707
601708
601709
601710
601711
601712
601713
601714
601715
601716
601717
601719
601720
601721
601723
601724
601725
601726
601727
601728
601729
601730
601731
601732
601735
601736
601737
601738
601740
601741
601742
601743
601744
601745
601746
601747
601748
601749
601750
601751
601752
601753
601754
601755
601756
601757
601758
601759
601760
601761
601762
601763
601764
601765
601766
601767
601768
601769
601770
601771
601772
601773
601774
601775
601777
601778
601779
601780
601781
601783
601786
601787
601788
601789
601790
601791
601792
601793
601794
601795
601796
601797
601798
601799
601800
601801
601802
601803
601804
601805
601806
601807
601808
601809
601810
601811
601813
601814
601815
601816
601817
601818
601819
601820
601821
601822
601823
601824
601825
601826
601827
601828
601831
601832
601833
601834
601835
601836
601837
601838
601839
601840
601841
601842
601843
601844
601845
601846
601847
601848
601849
601850
601852
601853
601854
601855
601856
601857
601858
601859
601860
601861
601862
601863
601864
601865
601866
601867
601868
601869
601870
601871
601872
601873
601874
601875
601876
601877
601877.1
601878
601879
601880
601881
601882
601883
601884
601885
601886
601887
601888
601889
601890
601891
601892
601893
601894
601895
601896
601897
601898
601899
601900
601902
601903
601904
601905
601906
601907
601908
601909
601910
601911
601912
601913
601914
601915
601916
601917
601919
601920
601921
601922
601923
601924
601925
601927
601928
601929
601930
601931
601932
601933
601934
601935
601936
601937
601938
601939
601941
601942
601943
601944
601945
601946
601947
601948
601949
601950
601951
601952
601955
601956
601957
601958
601959
601960
601961
601962
601963
601964
601964.1
601965
601966
601967
601968
601969
601970
601971
601972
601973
601974
601975
601975.1
601977
601978
601979
601980
601981
601983
601984
601985
601986
601987
601988
601989
601990
601991
601992
601993
601994
601995
601996
601997
601997:cs
601998
601999
602000
602001
602002
602003
602004
602005
602006
602007
602008
602009
602010
602011
602012
602013
602014
602015
602016
602017
602018
602019
602020
602021
602022
602023
602024
602025
602026
602027
602028
602029
602030
602031
602032
602033
602034
602035
602036
602037
602038
602039
602040
602041
602042
602044
602046
602048
602049
602050
602051
602052
602053
602054
602054.1
602055
602056
602057
602058
602059
602060
602063
602064
602065
602066
602067
602068
602069
602070
602071
602072
602073
602074
602075
602076
602077
602077.1
602078
602079
602080
602081
602082
602084
602085
602086
602087
602088
602089
602090
602091
602092
602093
602094
602095
602096
602097
602098
602099
602100
602101
602102
602104
602105
602106
602107
602108
602109
602110
602111
602112
602113
602114
602115
602116
602118
602119
602120
602121
602122
602123
602124
602125
602126
602126.1
602126.2
602127
602128
602129
602130
602131
602132
602133
602134
602135
602136
602137
602138
602139
602140
602141
602142
602143
602144
602145
602146
602147
602148
602149
602150
602151
602152
602153
602154
602155
602156
602157
602158
602159
602160
602161
602162
602163
602164
602165
602166
602167
602168
602169
602170
602171
602172
602173
602174
602176
602177
602178
602179
602181
602182
602183
602184
602185
602186
602187
602188
602189
602190
602191
602192
602193
602194
602195
602196
602197
602198
602199
602200
602201
602202
602203
602204
602205
602206
602207
602208
602209
602210
602211
602212
602213
602214
602215
602216
602217
602218
602219
602220
602222
602223
602224
602225
602226
602227
602228
602229
602230
602231
602232
602233
602235
602237
602238
602239
602240
602241
602242
602243
602244
602245
602246
602247
602248
602249
602250
602252
602253
602254
602255
602256
602257
602259
602260
602262
602263
602264
602265
602266
602267
602268
602269
602270
602271
602272
602273
602274
602275
602276
602277
602278
602279
602280
602281
602282
602283
602284
602285
602286
602287
602288
602289
602290
602291
602292
602293
602294
602295
602296
602297
602298
602299
602300
602301
602302
602303
602304
602305
602306
602307
602308
602309
602310
602311
602312
602314
602315
602316
602317
602318
602319
602320
602322
602324
602325
602326
602327
602328
602329
602330
602331
602333
602334
602335
602336
602337
602338
602339
602340
602341
602342
602343
602345
602346
602347
602348
602349
602350
602351
602352
602353
602354
602355
602356
602357
602359
602360
602362
602363
602364
602365
602366
602368
602369
602370
602371
602372
602373
602374
602375
602376
602377
602378
602379
602380
602381
602382
602383
602384
602386
602387
602388
602389
602390
602391
602392
602393
602394
602395
602396
602397
602398
602399
602400
602401
602402
602403
602404
602405
602406
602407
602408
602409
602411
602412
602413
602414
602415
602416
602417
602418
602419
602420
602421
602422
602423
602424
602425
602426
602427
602429
602430
602431
602432
602433
602434
602435
602436
602437
602438
602439
602440
602441
602443
602444
602445
602446
602447
602448
602449
602450
602451
602452
602453
602455
602456
602457
602458
602459
602460
602462
602463
602464
602465
602466
602467
602468
602469
602470
602471
602472
602473
602474
602475
602476
602478
602479
602480
602481
602482
602483
602484
602485
602487
602488
602489
602490
602492
602493
602494
602495
602496
602497
602498
602498.1
602499
602499.1
602500
602501
602502
602503
602504
602505
602506
602507
602508
602509
602510
602511
602512
602513
602514
602515
602516
602517
602518
602519
602520
602521
602522
602523
602524
602525
602526
602527
602530
602531
602532
602533
602534
602536
602537
602539
602540
602541
602542
602543
602544
602545
602546
602547
602548
602549
602551
602552
602554
602555
602556
602557
602558
602559
602560
602561
602562
602563
602564
602565
602566
602568
602569
602570
602571
602572
602573
602574
602575
602576
602577
602578
602579
602580
602581
602582
602583
602584
602585
602586
602587
602588
602589
602590
602591
602592
602593
602594
602596
602597
602598
602599
602600
602601
602603
602604
602606
602607
602609
602610
602611
602612
602613
602614
602616
602618
602619
602620
602621
602623
602624
602625
602626
602627
602628
602629
602630
602633
602635
602636
602637
602638
602638.1
602639
602641
602642
602643
602644
602645
602646
602647
602648
602649
602650
602651
602652
602653
602654
602655
602656
602657
602658
602659
602660
602661
602662
602663
602664
602665
602666
602667
602668
602669
602670
602671
602672
602673
602674
602675
602676
602677
602678
602679
602680
602681
602682
602683
602684
602685
602686
602687
602688
602689
602690
602691
602692
602693
602694
602695
602696
602697
602699
602700
602701
602702
602703
602704
602706
602707
602708
602709
602710
602711
602712
602713
602714
602715
602716
602717
602718
602719
602720
602721
602722
602723
602724
602725
602726
602727
602728
602729
602730
602731
602732
602733
602734
602735
602736
602737
602738
602740
602741
602742
602743
602744
602745
602746
602747
602748
602749
602750
602751
602752
602753
602754
602755
602756
602757
602758
602759
602760
602761
602762
602763
602764
602765
602766
602767
602768
602769
602770
602771
602772
602773
602774
602775
602776
602777
602778
602779
602781
602782
602783
602784
602785
602786
602787
602788
602789
602790
602791
602792
602793
602794
602795
602796
602797
602798
602799
602800
602801
602802
602803
602804
602805
602806
602807
602808
602809
602810
602811
602812
602813
602814
602815
602816
602817
602818
602819
602820
602821
602822
602823
602824
602825
602826
602827
602828
602829
602830
602831
602832
602833
602834
602835
602836
602837
602838
602839
602840
602841
602842
602843
602845
602846
602847
602848
602849
602850
602851
602852
602853
602854
602855
602856
602857
602858
602860
602861
602862
602863
602864
602865
602866
602867
602868
602869
602870
602871
602872
602873
602874
602875
602876
602877
602878
602879
602880
602881
602882
602883
602884
602885
602886
602887
602888
602889
602890
602891
602892
602893
602894
602895
602896
602897
602898
602899
602900
602901
602902
602903
602904
602905
602906
602907
602908
602909
602910
602911
602912
602913
602914
602915
602916
602917
602918
602919
602920
602921
602922
602923
602924
602925
602926
602927
602928
602929
602930
602931
602939
602940
602941
602942
602943
602944
602945
602946
602947
602948
602949
602950
602951
602952
602953
602954
602955
602956
602957
602958
602959
602960
602961
602962
602963
602964
602965
602966
602967
602968
602969
602970
602971
602972
602973
602974
602975
602976
602977
602978
602979
602980
602981
602982
602983
602984
602985
602986
602987
602988
602989
602990
602991
602992
602993
602994
602995
602996
602997
602998
602999
603000
603001
603005
603008
603009
603010
603011
603012
603013
603014
603015
603016
603017
603018
603019
603020
603021
603022
603023
603024
603025
603026
603027
603028
603029
603030
603031
603032
603033
603034
603035
603036
603037
603038
603039
603040
603041
603042
603043
603044
603045
603046
603047
603048
603049
603050
603051
603052
603053
603054
603055
603056
603057
603058
603059
603060
603061
603062
603063
603064
603065
603066
603067
603068
603069
603070
603071
603072
603073
603074
603075
603076
603077
603078
603079
603080
603081
603082
603083
603084
603085
603086
603087
603088
603089
603090
603091
603092
603093
603094
603095
603096
603097
603098
603099
603100
603101
603102
603103
603104
603105
603106
603107
603108
603109
603110
603111
603112
603113
603114
603115
603116
603117
603118
603119
603120
603121
603122
603123
603124
603125
603126
603127
603128
603129
603130
603131
603132
603133
603134
603135
603136
603137
603138
603139
603140
603141
604841
604842
604843
604844
604845
604846
604847
604848
604849
604850
604851
604852
604853
604854
604855
604856
604857
604858
604859
604860
604861
604862
604863
604864
604865
604866
604867
604868
604869
604870
604871
604872
604873
604874
604875
604876
604877
604878
604879
604880
604881
604882
604883
604884
604885
604886
604887
604888
604889
604890
604891
604892
604893
604894
604895
604896
604897
604898
604899
604900
604901
604902
604903
604904
604905
604906
604907
604908
604909
604910
604911
604912
604913
604914
604915
604916
604917
604918
604919
604920
604921
604922
604923
604924
604925
604926
604927
604928
604929
604930
604931
604933
604934
604935
604936
604937
604938
604939
604940
604941
604942
604943
604944
604945
604946
604947
604948
604949
604950
604951
604952
604953
604954
604955
604956
604957
604958
604959
604960
604961
604962
604963
604964
604965
604966
604967
604968
604969
604970
604971
604972
604973
604974
604975
604976
604977
604978
604979
604980
604981
604982
604983
604984
604985
604986
604987
604988
604989
604990
604991
604992
604993
604994
604995
604996
604997
604998
604999
605000
605001
605002
605003
605004
605005
605006
605007
605008
605009
605010
605011
605012
605013
605015
605016
605017
605018
605019
605020
605021
605022
605023
605024
605025
605025.1
605026
605027
605028
605029
605030
605031
605032
605033
605034
605035
605036
605037
605038
605039
605040
605041
605042
605043
605044
605045
605046
605047
605048
605048.1
605049
605050
605051
605052
605053
605054
605055
605056
605057
605058
605059
605060
605061
605062
605063
605064
605065
605066
605067
605068
605069
605070
605071
605072
605073
605074
605075
605076
605077
605078
605079
605080
605081
605082
605083
605084
605085
605086
605087
605088
605089
605090
605091
605092
609053
609054
609055
609056
699998
699999
a00023
a00033
a00040
a00049
a00051
a00053
a00059
a00063
a00074
a00077
a00088
a00096
a00098
a00115
a00187
a00194
a00197
a00203
a00211
a00223
a00227
a00237
a00257
a00258
a00265
a00266
a00267
a00271
a00272
a00273
a00279
a00280
a00281
a00297
a00309
a00310
a00311
a00314
a00315
a00316
a00320
a00321
a00322
a00323
a00330
a00334
a00335
a00336
a00338
a00339
a00340
a00342
a00343
a00344
a00348
a00349
a00350
a00358
a00360
a00362
a00363
a00365
a00367
a00368
a00369
a00370
a00373
a00379
a00380
a00381
a00385
a00387
a00388
a00392
a00393
a00394
a00407
a00410
a00411
a00413
a00415
a00416
a00425
a00429
a00430
a00431
a00435
a00436
a00437
a00440
a00441
a00442
a00443
a00444
a00445
a00446
a00450
a00461
a00464
a00469
a00497
a00498
a00499
a00500
a00501
a00502
a00503
a00509
a00511
a00518
a00537
a00539
a00541
a00543
a00546
a00549
a00552
a00555
a00558
a00560
a00564
a00566
a00573
a00575
a00577
a00588
a00598
a00604
a00606
a00608
a00609
a00610
a00624
a00625
a00626
a00627
a00634
a00635
a00636
a00637
a00639
a00655
a00656
a00660
a00662
a00663
a00664
a00666
a00689
a00695
a00696
a00697
a00701
a00712
a00718
a00719
a00720
a00727
a00735
a00740
a00741
a00746
a00748
a00749
a00758
a00760
a00761
a00763
a00764
a00774
a00777
a00779
a00780
a00797
a00798
a00799
a00815
a00816
a00817
a00830
a00858
a00859
a00860
a00904
a00906
a00907
a00909
a00938
a01065
a01066
a01067
a01079
a01089
a01108
a01116
a01117
a01118
a01119
a01212
a01217
a01224
a01225
a01226
a01243
a01244
a01245
a01249
a01250
a01254
a01255
a01299
a01300
a01301
a01302
a01303
a01304
a01316
a01338
a01339
a01343
a01345
a01346
a01348
a01349
a01350
a01359
a01368
a01373
a01374
a01375
a01379
a01390
a01397
a01398
a01399
a01400
a01401
a01402
a01406
a01408
a01411
a01412
a01414
a01415
a01416
a01419
a01421
a01422
a01425
a01428
a01429
a01432
a01434
a01436
a01438
a01439
a01440
a01457
a01459
a01460
a01465
a01475
a01478
a01480
a01481
a01482
a01499
a01527
a01529
a01552
a01553
a01681
a01719
a01753
a01765
a01766
a01767
a01768
a01769
a01770
a01771
a01772
a01773
a01774
a01793
a01795
a01796
a01800
a01823
a01824
a01825
a01826
a01827
a01828
a01866
a01872
a01873
a01878
a01883
a01884
a01892
a01893
a01894
a01895
a01896
a01916
a01921
a01922
a01923
a02028
a02029
a02030
a02031
a02032
a02033
a02034
a02035
a02036
a02037
a02044
a02045
a02050
a02051
a02052
a02053
a02054
a02055
a02068
a02069
a02070
a02074
a02075
a02076
a02080
a02081
a02082
a02106
a02107
a02108
a02109
a02110
a02111
a02112
a02113
a02114
a02115
a02116
a02117
a02118
a02119
a02120
a02121
a02122
a02123
a02140
a02141
a02142
a02143
a02150
a02151
a02152
a02153
a02155
a02156
a02157
a02158
a02159
a02165
a02168
a02182
a02183
a02184
a02191
a02192
a02193
a02195
a02196
a02197
a02214
a02215
a02216
a02217
a02224
a02225
a02226
a02227
a02228
a02229
a02230
a02231
a02242
a02245
a02246
a02247
a02248
a02249
a02250
a02251
a02252
a02253
a02254
a02255
a02256
a02276
a02277
a02292
a02306
a02307
a02308
a02312
a02314
a02316
a02317
a02320
a02322
a02324
a02326
a02335
a02337
a02341
a02342
a02343
a02344
a02345
a02346
a02353
a02354
a02355
a02356
a02358
a02359
a02360
a02361
a02369
a02370
a02375
a02381
a02382
a02383
a02387
a02388
a02389
a02393
a02394
a02395
a02406
a02407
a02408
a02409
a02425
a02452
a02493
a02520
a02526
a02527
a02538
a02539
a02540
a02547
a02548
a02557
a02667
a02668
a02692
a02777
a03041
a03042
a03069
a03094
a03109
a03118
a03144
a03145
a03198
a03199
a03200
a03201
a03208
a03209
a03210
a03211
a03213
a03214
a03215
a03216
a03248
a03249
a03250
a03267
a03268
a03269
a03270
a03271
a03273
a03313
a03322
a03323
a03324
a03396
a03942
a03944
a03945
a03946
a03947
a03948
a03949
a03950
a03951
a03952
a03953
a03954
a04081
a04367
a04368
a04369
a04571
a04586
a04587
a04588
a04589
a04594
a04597
a04599
a04601
a04602
a04603
a04604
a04605
a04607
a04608
a04615
a04622
a04623
a04638
a04640
a04641
a04642
a04659
a04671
a04672
a04673
a04683
a04694
a04730
a04731
a04749
a04797
a04827
a04847
a04891
a04912
a05016
a05566
a05567
a05577
a05578
a05579
a05580
a05587
a05588
a05589
a05590
a06422
a06497
a06498
a06531
a06541
a06542
a06700
a06701
a06702
a06703
a06710
a06711
a06712
a06713
a06714
a06715
a06716
a06747:2
a06752
a06754
a06763
a06766
a06771
a06775
a06781
a06792
a06812
a06840
a06842
a06846
a06885
a06932
a06975
a07095
a07096
a07097
a07098
a07105
a07106
a07107
a07108
a07110
a07111
a07112
a07113
a07192
a07203
a07230
a07231
a07232
a07240
a07241
a07243
a07244
a07245
a07246
a07255
a07256
a07257
a07258
a07270
a07271
a07272
a07273
a07275
a07276
a07277
a07278
a07279
a07290
a07293
a07294
a07295
a07303
a07305
a07332
a07333
a07334
a07335
a07336
a07337
a07338
a07339
a07340
a07341
a07342
a07343
a07350
a07351
a07377
a07378
a07379
a07380
a07387
a07388
a07389
a07390
a07392
a07393
a07394
a07406
a07407
a07408
a07412
a07413
a07414
a07418
a07419
a07420
a07446
a07447
a07451
a07452
a07453
a07461
a07463
a07482
a07484
a07520
a07521
a07522
a07540
a07541
a07542
a07543
a07544
a07545
a07547
a07551
a07552
a07553
a07557
a07558
a07562
a07568
a07571
a07572
a07582
a07583
a07584
a07585
a07586
a07587
a07588
a07589
a07590
a07594
a07596
a07603
a07608
a07609
a07610
a07611
a07613
a07625
a07626
a07630
a07630
a07631
a07632
a07636
a07637
a07638
a07644
a07656
a07680
a07681
a07687
a07688
a07689
a07690
a07697
a07698
a07699
a07700
a07702
a07703
a07704
a07705
a07713
a07715
a07723
a07725
a07740
a07742
a07743
a07746
a07748
a07750
a07761
a07762
a07765
a07768
a07777
a07778
a07779
a07787
a07788
a07789
a07790
a07791
a07792
a07804
a07813
a07814
a07817
a07820
a07821
a07822
a07823
a07824
a07826
a07857
a07862
a07865
a07868
a07869
a07874
a07882
a07909
a07911
a07927
a07928
a07929
a07934
a07936
a07937
a07942
a07943
a07956
a07957
a07958
a07959
a07960
a07965
a07966
a07967
a07968
a07969
a07970
ah45006.3.1
g00926
g00931
g01586
