-2.684125625969537854e+00,3.193972465851019349e-01
-2.714141687294326921e+00,-1.770012250647803043e-01
-2.888990569059296742e+00,-1.449494260855573591e-01
-2.745342855641409674e+00,-3.182989792519159145e-01
-2.728716536554530059e+00,3.267545129349195832e-01
-2.280859632844492335e+00,7.413304490629143428e-01
-2.820537750740608640e+00,-8.946138452856876311e-02
-2.626144973146632644e+00,1.633849596983283914e-01
-2.886382731780553712e+00,-5.783117541867035527e-01
-2.672755797820954182e+00,-1.137742458741168999e-01
-2.506947090651856502e+00,6.450688986485733079e-01
-2.612755230908722304e+00,1.472993916137439914e-02
-2.786109266188017575e+00,-2.351120002017184629e-01
-3.223803743865651938e+00,-5.113945870063819621e-01
-2.644750389942029045e+00,1.178764636437574120e+00
-2.386039033531133668e+00,1.338062330400651812e+00
-2.623527875224426431e+00,8.106795141812571659e-01
-2.648296706254381405e+00,3.118491445933542772e-01
-2.199820323617580176e+00,8.728390389622100454e-01
-2.587986399878769106e+00,5.135603087492766061e-01
-2.310256215242518341e+00,3.913459356538937506e-01
-2.543705228757156434e+00,4.329960632790277320e-01
-3.215939415648610744e+00,1.334680695385257465e-01
-2.302733182226206932e+00,9.870885481409925888e-02
-2.355754049123772287e+00,-3.728185967738264356e-02
-2.506668906925821894e+00,-1.460168804952678423e-01
-2.468820073121338776e+00,1.309514894352500070e-01
-2.562319906196016017e+00,3.677188574341996308e-01
-2.639534715384542984e+00,3.120399802352825103e-01
-2.631989387274345837e+00,-1.969612249243144209e-01
-2.587398476689352300e+00,-2.043184912741334291e-01
-2.409932497002174934e+00,4.109242642295724557e-01
-2.648862334349912029e+00,8.133638202969615261e-01
-2.598736749100587495e+00,1.093145759449356103e+00
-2.636926878105799066e+00,-1.213223478658632254e-01
-2.866241652118669325e+00,6.936447158008034186e-02
-2.625238049850372679e+00,5.993700213794230791e-01
-2.800684115448222045e+00,2.686437377979821184e-01
-2.980502043781994015e+00,-4.879583444286151317e-01
-2.590006313968096219e+00,2.290438368270123759e-01
-2.770102426027901910e+00,2.635275337442563037e-01
-2.849368705043104022e+00,-9.409605736411962296e-01
-2.997406546594908239e+00,-3.419260574716097012e-01
-2.405614485097486099e+00,1.888714289302602101e-01
-2.209489237783679449e+00,4.366631416391875686e-01
-2.714451426757707786e+00,-2.502082041852111138e-01
-2.538148258998940143e+00,5.037711444614373368e-01
-2.839462167642850421e+00,-2.279455694938275490e-01
-2.543085749830392928e+00,5.794100215198887405e-01
-2.703359782335159611e+00,1.077060824994113958e-01
1.284825688858351134e+00,6.851604704673077695e-01
9.324885323123175418e-01,3.183336382626284489e-01
1.464302321991393319e+00,5.042628153092033605e-01
1.833177199583701233e-01,-8.279590118206319183e-01
1.088103257711664940e+00,7.459067519771582500e-02
6.416690842580771159e-01,-4.182468715686787353e-01
1.095060662632445947e+00,2.834682700615286377e-01
-7.491226698296576947e-01,-1.004890961181894804e+00
1.044131826053434908e+00,2.283618997883950785e-01
-8.745404082896642700e-03,-7.230819050048338248e-01
-5.078408838353261068e-01,-1.265971190526393064e+00
5.116985574475967358e-01,-1.039812354990405502e-01
2.649765081120460941e-01,-5.500364636804747631e-01
9.849345104708896459e-01,-1.248178541263575830e-01
-1.739253716817683870e-01,-2.548542087025892910e-01
9.278607809442465104e-01,4.671794944415098572e-01
6.602837616969365886e-01,-3.529696657238504676e-01
2.361049933176711246e-01,-3.336107668249154168e-01
9.447337280198122578e-01,-5.431455507797665616e-01
4.522697629869938674e-02,-5.838343774718642853e-01
1.116283177350048783e+00,-8.461685219478817799e-02
3.578884179973067514e-01,-6.892503165601414350e-02
1.298183875358912553e+00,-3.277873083339173932e-01
9.217289224470365250e-01,-1.827377936213676057e-01
7.148533259114108196e-01,1.490559443697843933e-01
9.001743731721665309e-01,3.285044738343226856e-01
1.332024436722087479e+00,2.444408760163428729e-01
1.557802155066069671e+00,2.674954473102541530e-01
8.132906498175407339e-01,-1.633503006876164121e-01
-3.055837780243094715e-01,-3.682621897545879652e-01
-6.812649206836407512e-02,-7.051721317994651406e-01
-1.896224723785023547e-01,-6.802867635281331093e-01
1.364287115580143928e-01,-3.140324382492367672e-01
1.380026435915510108e+00,-4.209542873138817920e-01
5.880064433398630719e-01,-4.842874199812181035e-01
8.068583125004116230e-01,1.941823147131506166e-01
1.220690882444351866e+00,4.076195936110066365e-01
8.150952357665987025e-01,-3.720370599095019215e-01
2.459576798866918435e-01,-2.685243966220148826e-01
1.664132171454563713e-01,-6.819267248636264878e-01
4.648002884037787386e-01,-6.707115445117202146e-01
8.908151984694485659e-01,-3.446444436826908569e-02
2.305480235594548621e-01,-4.043858480073251327e-01
-7.045317592446638244e-01,-1.012248227531713507e+00
3.569814947010466200e-01,-5.049100933371085675e-01
3.319344799450578143e-01,-2.126546837811699175e-01
3.762156510666698206e-01,-2.932189292514189582e-01
6.425760075543371919e-01,1.773819011241598714e-02
-9.064698649488360793e-01,-7.560933665990138275e-01
2.990008418781427979e-01,-3.488978064503359122e-01
2.531192727803626585e+00,-9.849109498802204390e-03
1.415235876703901718e+00,-5.749163475464892370e-01
2.616676015995689220e+00,3.439031513417337149e-01
1.971531053043434678e+00,-1.797279043522456154e-01
2.350005920044639041e+00,-4.026094714253130452e-02
3.397038736053256791e+00,5.508366730280546131e-01
5.212322439097728521e-01,-1.192758727000644559e+00
2.932587068993687041e+00,3.555000029774955661e-01
2.321228816573376985e+00,-2.438315023106908952e-01
2.916750966786071153e+00,7.827919488152774719e-01
1.661774153636530471e+00,2.422284077550666270e-01
1.803401952965090205e+00,-2.156376173335555479e-01
2.165591796080144071e+00,2.162755850740242236e-01
1.346163579458450554e+00,-7.768183473443394105e-01
1.585928223873219967e+00,-5.396407140267184266e-01
1.904456374793425999e+00,1.192506920919723934e-01
1.949689059399068336e+00,4.194325966321101745e-02
3.487055364290277737e+00,1.175739329713427983e+00
3.795645422072882358e+00,2.573229734204787733e-01
1.300791712637656472e+00,-7.611496364350630595e-01
2.427817913066044664e+00,3.781960126170501035e-01
1.199001105465560046e+00,-6.060915277579302929e-01
3.499920038924535959e+00,4.606740989118942031e-01
1.388766131691464345e+00,-2.043993273521510223e-01
2.275430503872204024e+00,3.349906058216768900e-01
2.614090473810830151e+00,5.609013551230770389e-01
1.258508160511486951e+00,-1.797047947227467801e-01
1.291132059115020159e+00,-1.166686511740116089e-01
2.123608722773894009e+00,-2.097294766773028230e-01
2.388003016003466428e+00,4.646398047087356153e-01
2.841672778103870201e+00,3.752691671951025598e-01
3.230673661432090338e+00,1.374165086793046164e+00
2.159437642489049125e+00,-2.172775786690491762e-01
1.444161242329508932e+00,-1.434134104575809643e-01
1.781294810045111587e+00,-4.999016810781366504e-01
3.076499931687186162e+00,6.880856775711748918e-01
2.144243314302080705e+00,1.400642010897895640e-01
1.905098148814074355e+00,4.930052601302991472e-02
1.169326339341499210e+00,-1.649902620231096795e-01
2.107611143257241082e+00,3.722878719607969900e-01
2.314154705235598630e+00,1.836512791690185498e-01
1.922267800902599744e+00,4.092034668160615674e-01
1.415235876703901718e+00,-5.749163475464892370e-01
2.563013375077474620e+00,2.778626029291942356e-01
2.418746182732824046e+00,3.047981978546916437e-01
1.944109794546966974e+00,1.875323028006048443e-01
1.527166614814515988e+00,-3.753169825804883453e-01
1.764345717044427886e+00,7.885885451847540750e-02
1.900941614218422560e+00,1.166279585120234413e-01
1.390188861947913024e+00,-2.826609379905505870e-01
