-8.536957778315598944e+01,1.398328185224716691e+01
1.066357408303720007e+02,-3.015186171796339742e+00
2.776316825702660651e+01,-5.663826311060355323e+01
-1.137259383547749536e+02,-2.867681845932496998e+01
7.102205225621725049e+01,-2.703819785998002345e+01
-8.085244154543873663e+01,1.071751514484408041e+01
-1.524177294475100908e+01,-2.243685179227671611e+01
-7.091653575215447347e+01,1.609949956170843066e+01
-8.210826797739473193e+01,4.779547251310530953e+01
6.050618362693793273e+01,3.228654145355172744e+01
2.216076959993788762e+02,-4.501788607143733145e+01
-2.064528289664443506e+01,-1.116240056356064336e+01
2.078711799536669673e+02,-5.168834292865718538e+01
-6.376029732456796495e+01,-1.541731571845940252e+01
-7.905935190408779079e+01,4.647976047988230164e+01
1.916993109213947548e+02,-8.508641936952599849e+01
-9.206656157462612100e+01,1.949668524914365264e+01
-8.647933988555408291e+01,-2.622058140969491191e+01
3.071691488108444545e+01,2.269826097651884034e+00
-7.212243345018654850e+01,5.991233747892592731e+01
-7.768211341102107781e+01,-4.514631625072510701e+01
-2.457244995136138499e+01,2.881975037081504354e+01
1.701401289889371071e+02,1.411961166858934913e+00
-6.894386561561226756e+01,-5.515698212035136550e+00
6.013161160543673844e+01,-1.436065963035692228e+01
6.158399901091741668e+01,1.102541927862107372e+02
-7.167003271598552772e+01,-2.815973462249371551e+01
2.278631799085581804e+02,-2.591174930408278598e+01
-7.182751523365207902e+01,5.348556121024213894e+01
-8.291007082952870633e+01,-4.531500212806091099e+01
-8.210581802417597430e+01,-1.062852610682839050e+01
-8.483889834417068698e+01,-4.330718203004106925e+01
2.266263725071270301e+02,1.429177929209629561e+01
1.958918858504167702e+02,-1.674119109321515708e+01
-7.948501065377317332e+01,5.251087755842281979e+01
-8.883688154948694660e+01,1.235730340044301556e+01
-7.905529161918445880e+01,-4.030815837532745860e+01
1.451356465960160103e+00,-5.823448997797425619e+01
1.678494630014274378e+02,-1.540226349297252817e+01
5.669296552864688010e+01,-6.168271228390975303e+00
-6.872900620601078003e+01,-4.626623752725512162e+01
-9.786027280139560958e+01,4.353042172092505524e+01
-5.350682951550906097e+01,3.379801023944760630e+01
2.003622951592715538e+02,-3.749531356092574708e+00
2.735011869185647626e+01,-3.641883891947769314e+01
6.987687686255937081e+01,-5.789664702941958119e+00
-1.698712972981001812e+01,4.687695557233236832e-01
-8.438997278372316657e+01,-3.027691438338431951e+01
-2.774724328512410310e+01,7.966200224109354622e+01
2.042174299668947981e+02,-8.740400775139185896e+01
-7.848286432852266614e+01,6.187128362813200511e+01
-8.279415792884263681e+01,2.796577398516562596e+01
-8.881222297367592944e+01,-2.013562460093752904e+01
2.150987651511250931e+01,-4.389717616095862240e+01
-6.754060444448941780e+01,1.233351825172585770e+01
2.033810138261500526e+02,-6.803707475350212519e+01
-2.504996530174663505e+01,1.215913279869010044e-01
6.084580473931513467e+00,-3.774830509510401555e+01
-3.959815284795109847e+01,-5.263875862993553767e+01
-8.101742378366516562e+01,-1.399336126189327523e+01
5.322216024206197460e+01,-9.262544783560464623e+00
-8.169068036921169096e+01,-1.104743544225578589e+01
-1.148485993858537171e+02,-2.971485337114321368e+01
3.159352581290167805e+01,1.677952726178909781e+00
8.064587004778856283e+01,1.150288935019544567e+01
2.907667252432699456e+01,-3.873979968990397538e+01
-7.748753782539316148e+01,3.826414633198884729e+01
2.274689023361061970e+02,-7.013796517762902738e+01
-6.608723764154055402e+01,5.256096099933643728e+01
-8.282260802094955920e+01,-3.611689473354818603e+01
-1.577739378459402353e+01,1.171920125337500984e+01
1.092123555988955275e+01,4.030804796676063262e+01
2.467688859632869836e+01,5.095818679285576636e+00
8.854908628735769227e+00,-1.785345504423645258e+00
-8.751826846245691627e+00,-1.085752298368698554e+01
-9.721902749894753981e+01,4.108210323983306722e+01
2.238255854559747036e+02,-8.383039307433341492e+01
-4.743272972671298504e+01,-2.523921854987250413e+01
-7.678283310211608637e+01,4.909412166188229065e+00
-2.375345087618248030e+01,-3.956601667611657547e+01
-7.562163837161523361e+01,5.722140217559652342e+01
-6.709819285985058457e+01,3.519735345453218400e+01
-8.494311784972195767e+01,4.218117443726087146e+01
-6.585998537600781333e+01,-3.172372112579959946e+01
-8.075646447369649650e+00,3.656871855817842576e+00
-9.080749192440841000e+01,3.788939919220497554e+00
-7.527419090705055282e+01,5.064566379498192106e+01
-1.523130568802776352e+01,5.485869930620503254e+01
6.386152976545521653e+01,-1.958977914966985523e+01
-2.805640706382617111e+01,5.391835478234596479e+01
8.585841591667540129e+00,1.374760147885170980e+01
2.991173348499810203e+00,1.105032604388039061e+02
-6.442798983718896011e+01,5.302959722386843211e+00
-2.739266745247898172e+01,-4.537671511254474410e+01
-6.821627966023949341e+01,-3.706584440857553631e+01
3.285443103656961572e+00,-2.825093931938220670e+00
-3.926014486195372299e+00,1.273725371200672107e+01
-8.411906261420828912e+01,9.400372569891523256e+00
6.697983992417147192e+01,-1.693851353576017260e+01
1.841972796374021115e+01,-4.140433430112437918e+01
-7.606260921488578219e+01,5.134673882743283713e+01
-2.917363041609706897e+01,-1.019192853861107295e+01
-6.584197516012990548e+01,4.690859818127932357e+01
-9.178296271838239306e+01,2.173225248271950072e+00
5.975380325815527982e+01,-7.214679041404285620e+00
-7.866805394188475020e+01,-4.339907034840861400e+01
-2.699877416447429734e+00,-2.364546446223998544e+01
-1.123284511920043016e+01,-1.938801366211113120e+01
-7.398958974832643776e+01,-3.878314351863781440e+01
-1.075893543227714275e+02,-2.812217449928800761e+01
1.261720082433429191e+01,2.757038919522685205e+02
-6.773935673177984995e+01,-4.156338754992935236e+01
2.044886261421233087e+02,-7.378057348506331437e+01
3.142911241554324064e+01,-1.940414060594646983e+01
2.613024273316083779e+01,-1.530853873369493456e+01
-9.589433029468466430e+01,2.083093550945054773e+01
1.130862484148392433e+01,-3.331611461121583773e+01
2.379396653108728188e+01,-4.998348175029160245e+01
2.139653682505702079e+02,-3.765199854907091748e+01
1.672903633099034835e+02,-4.916508644487327473e+01
-5.947581692038399126e+01,-4.983923915431714846e+01
-9.352793186407733117e+01,4.458215808660196444e+01
-3.158269727099904856e+01,-1.224191875430262577e+01
-8.419753000032510215e+01,1.740385547992747206e+01
3.921814831485925801e+00,4.114821942471482430e+01
-4.341338286634141497e+01,2.604699364723270349e+00
-6.105028213761583089e+01,5.589017218842568013e+01
-8.550340822788109563e+01,1.556682617695192405e+01
3.769993232433451169e+01,-5.427368164426651020e+01
-1.016832987354820261e+02,-1.840069238596256440e+01
-2.455229719412321288e+01,3.354624035450340358e+01
7.829167538175350671e+01,-9.011730425460996230e+00
-1.634756647609960822e+01,1.599010341540415681e+01
-8.968189858106070744e+01,-2.255433402596466053e+01
-2.420089595050577813e+01,4.030086613782808058e+01
-2.760280480570936490e+01,-3.813790306127460639e+01
-1.563230671840319719e+00,2.405116975903285947e+01
-4.006241746903290846e+01,-4.829615989949306254e+01
3.557612160145974656e+01,-2.745921828604095793e+01
-3.176767290222369056e+01,1.063353827747709168e+01
-7.438759417260513374e+01,1.732106462388578194e+01
-2.213432865495714275e+00,4.522614251320222678e+01
-7.916711539500217043e+01,-2.588803871007167601e+01
2.201461986134076767e+02,-3.434188834244654487e+01
3.165565690707067503e+01,-1.552722103496160955e+01
-8.291007082952870633e+01,-4.531500212806091099e+01
-3.331388301758919113e+01,3.991280629323597395e+01
-8.226527648376725566e+00,-2.415700491319941534e+01
-7.793976075492452082e+01,8.731392429748883188e+00
2.837342443821991367e+01,-8.362797946270145388e+00
-7.822055677915815863e+01,1.983871295208220698e+00
1.083223711907427855e+01,-5.466894188823491874e+01
-2.730269666779087245e+01,-4.635083866306607803e+01
6.336844934482387970e+01,1.004506717619946699e+02
1.794121061007287210e+01,2.631532005635684612e+01
2.090395379329313812e+02,-8.000771179714818970e+01
-1.344873033895067849e+01,3.816851824192248444e+01
2.474079616295902611e+02,-4.868440182398877170e+01
-6.896871935661424402e+01,2.900661294689842862e+01
-9.387828718955671548e+01,5.915795021211744853e+01
7.723009169610482161e+01,-3.491038977460859627e+01
1.226718436976790514e+02,2.006906995954154027e+01
2.405379965862321114e+02,-9.035694291378949572e+01
-5.388986808082812274e+01,-1.174567910921057567e+01
-4.467935668657120374e+01,-3.511410986738122375e+01
-9.211873124521943623e+01,-4.617601396593475016e+01
-4.145408587548237023e+01,-1.016604300045409559e+01
-1.973627400780614849e+01,-1.042165336193605896e+01
-9.169612679149588530e+01,-3.547098862256647323e+01
7.402968637135671770e+01,-5.698825046446551745e+00
2.938849028095294003e+01,-2.093027124898370062e+01
1.749194230510323322e+01,-4.091729281442218991e+01
1.374493561982358436e+01,1.391845592169899781e+01
-8.001894063350941622e+01,5.799982033397673042e+00
1.977612018244022636e+02,1.797625369277554341e+01
6.165645396948315948e+01,-1.327539918830665755e+01
2.915860969693251814e+00,-2.966188841307289792e+01
-1.019653575664300860e+02,-4.610643636026839687e+01
-9.753926328325033523e+01,5.471408176764867903e+00
-3.813194334419936382e+01,-2.095453197314931959e+00
-7.944041369677533737e+01,-1.161848858482811764e+01
2.038843941005706384e+01,-6.797367463024387746e+01
2.869702128553440446e+01,-3.786712232892094931e+01
-6.694294688106270996e+01,9.848054443356495824e+00
2.999249903609775814e+01,-2.123265946948182659e-01
-7.261490002028038759e+01,-1.211299000281671923e+00
-4.866930854388693994e+00,-2.109968517630820628e+01
-6.156494093801411793e+01,1.591699315192115094e+01
1.438262876223878273e+00,-3.646842585957326577e+01
-7.176760155784150186e+01,3.650273826303981561e+00
2.339354046100676143e+01,-2.932799132523732411e+01
-6.073915012140120950e+01,-3.025991172991420797e+01
-7.043001932010099608e+01,-3.253377486772199489e+01
1.682214117849620436e+02,-3.070294941359386698e+01
1.711827613511457002e+02,3.309789127716252555e+00
-9.654205472233939878e-01,-6.654723747840601789e+01
-2.246251098077168606e+01,2.929119655627658148e+01
-7.675843001625962359e+01,1.769029147802578450e+01
-4.427835705180387293e+01,-3.987911051214791769e+01
-5.714654255371894465e+01,-3.355136420089079508e+01
-6.944770599109874354e+01,-2.798492284234728444e+01
3.753140400902384766e+00,-6.338797713935061751e+01
-1.232391461599587457e+00,2.890057524560089419e+01
-4.812300571013116723e+01,-2.032136987137247885e+01
8.395011951126629413e+01,-1.468569623258787704e+00
-8.261882458684696928e+01,8.617157597533605440e+00
4.879115902547162165e+01,-4.184605686988464157e+01
-3.204951385126985741e+01,2.683402303166944947e+00
4.657788013155976614e+01,3.936521004229182097e+01
2.430800018321183487e+01,5.864253044412742533e+00
-6.247144627311460141e+01,-4.577692336558439479e+01
-3.578984420715351433e+01,5.260251610451192050e+01
-2.436834494414938490e+01,1.718552666013936658e+01
-6.573933606512318306e+01,3.081229591847974802e+01
3.416587741840882586e+01,-1.106014458541817902e+01
-8.752327295045409983e+01,-4.703708427350495214e+01
-8.296227420248216333e+01,-3.734274100134799568e+01
1.112376012043567997e+01,2.156279578090392945e+01
3.247737930441987686e+01,3.147619705305105242e+01
-5.440009089931243835e+01,-2.654647221805387858e+01
2.378549425530813437e+02,-1.210178564601581996e+01
-9.969954402362486690e+01,4.297326842733605190e+01
-6.887783583854726999e+01,-9.997870346231501060e+00
-1.682042009982410047e+00,-6.466707389691126195e+01
2.328425556368433149e+02,-1.478742173411012217e+01
2.237781607626592404e+02,-7.913777434769062324e+01
-2.281760927363517055e+01,2.615620244716128440e+01
-2.662244869440452888e+01,-1.541361224184661260e+00
-2.476856750413638508e+00,-2.853740234200501824e+00
-3.982527077562719597e+01,2.708265132658831931e+01
2.138338956505240773e+01,7.634312473944428135e+00
-6.303141268753432058e+01,4.256454442326116094e+01
9.640717469947603036e+01,3.172794490953232582e+01
-9.758094535277825798e+01,5.128898758652584178e+01
-2.304271064597533680e+01,-1.828332275584542543e+01
2.245188102735638722e+02,6.959492117713989501e+02
-6.894285070367267565e+00,-2.398270681649749747e+01
2.009231110031722949e+02,-4.771193558589099126e+01
2.121974667730861768e+02,-4.645692220115582671e+01
2.829861544541400420e+01,-1.795839040825728716e+01
-7.562364138126672231e+01,-4.576898962413162764e+01
-6.331579128794462008e+01,1.648074483771722853e+01
-5.792946257950198685e+01,5.218662673574220889e+01
-7.552464067813851045e+01,-4.931680947486275102e+01
1.999933280346089930e+02,-1.327747113070690510e+01
1.693813383740750282e+02,-4.245251036419821133e+01
-7.531580095776378414e+01,5.215488575192641463e+01
-5.146139875902410665e+01,1.649407188835983717e+01
-7.866552598681550990e+01,4.943893749608790955e+01
2.230224152004235449e+01,-1.532108483224823914e+01
-5.728295268106490035e+00,-7.946497500049372498e+00
-3.878537068651389319e+01,4.353798831766993516e+01
2.260844002748698927e+02,-9.401587317390946907e+01
-1.362767115392186490e+01,-6.409314317056752941e+01
-4.103699301325700333e+01,3.001512197548521854e+01
-7.585013440639197313e+01,-3.803232943870713001e+01
-1.152830367390636823e+01,-3.139280971464871328e+01
-7.752906262631452705e+01,2.146342423348756245e+00
-1.162237257359315379e+01,-1.203718549428792350e+01
-6.594538889513518143e+01,-5.300778901118122377e+01
8.158333971095638049e+01,1.844621428804413155e+00
-8.753586635018484685e+01,3.575408398699264723e+01
-6.970977582583577714e+01,4.425824025093758962e+01
-3.450630166203630722e+01,-4.959946597525311773e+01
1.051972016523043862e+02,-1.286403420049437507e+01
9.815171604676114825e+00,2.546615446485814260e+01
-8.237195798063771690e+01,4.261051315870280831e+01
-7.252840026490919456e+01,-5.065506474744863397e+01
-2.603560974681863271e+01,-5.128363714018927055e+01
2.037747910729636374e+02,-2.882405584579969116e+01
7.910664566606266135e+01,2.865439481110110265e+01
-9.775947328441372264e+00,-1.622812383448353302e+01
2.387159593130355617e+01,-3.227206356946423682e+01
-1.064904831805828991e+02,1.511797988203674059e+01
-6.154188860065487177e+01,-3.878956630942207795e+01
-3.018657685993979101e+01,2.578140939028782341e+01
-6.567336688357787011e+01,-4.748378605809480746e+01
-8.339065630927714778e+01,-2.921611577236285839e+01
-5.533898173802203502e+01,3.944252133019939777e+01
-5.119816866493612650e+01,2.143557180449772304e+01
-8.905979510327081528e+01,-1.840363535911390258e+01
-1.849691651502781653e+01,-4.542514541242740478e+01
1.596493892267513459e+01,2.764502328523717978e+01
-2.298741714856764062e+01,4.778348333930358649e+01
-2.634506327034899797e+01,2.635510817401881312e+01
-2.223208904756939930e+01,7.432855874661299822e+01
3.616528355439894682e+01,3.205603018678631884e+02
2.371763456844735458e+02,-6.624207554830933020e+01
-8.368988525121673661e+01,3.808985862431580927e+01
2.610026597502119294e+00,-3.800826070897191755e+01
1.626747867615252687e+02,-4.853894696808247033e+01
-8.291003737956094710e+01,-1.529045346578838949e+00
-9.041202869546025056e+01,3.337791603182287847e+00
5.528766856334181057e+01,-7.651356164892859191e+00
-9.895829417716288390e+01,4.174710690790374912e+01
-5.008893390036888604e+01,-4.925700172487911743e+01
-7.453951336738946054e+01,5.478912151706992262e+01
-8.592839835113588265e+01,5.326353453104199076e+01
-8.533940156164979385e+01,9.924924709612708895e+00
2.105336319206786584e+02,-2.213036558717945823e+01
-4.171397331332994440e+01,4.706924093025665456e+01
-3.692385581892210666e+01,1.666997664340606988e+01
4.061878766171782473e+01,6.903458468851447094e+01
-8.308868730703059668e+01,2.433682093838882565e+01
5.682855299716153041e+01,-1.215095083034143997e+01
-7.184557484709955588e+01,-3.487610950107070806e+01
-7.006118666909881654e+01,-4.005718337812781016e+01
2.476500809159846597e+02,5.485114351426035206e+00
3.122817861945400182e+02,1.321743197356664496e+03
-8.631212364073837762e+01,5.001571632329977746e+01
7.461399313730862559e+01,2.887313490037376340e+01
-3.268149598285160273e+00,-3.303794251970121110e+01
-9.406673486720276856e+01,-3.187160483358474750e+01
1.751392450009553272e+02,-1.509130529411026878e+01
-3.389574648510254207e+01,3.341005621308298856e+01
-6.517360601056692815e+01,5.523953362655834809e+01
1.216150505676129434e+01,2.147260868349020413e+01
-2.726368866861656315e+01,-3.392598493156340567e+01
-8.612072901491355026e+01,5.862359051061941528e+01
2.829861544541400420e+01,-1.795839040825728716e+01
3.311410119254149009e+01,2.493477784898428240e+01
-8.201337198116361549e+01,-1.736241745704200667e+01
2.166916778391821286e+00,-5.673853994230588427e+01
-7.716944715106568253e+01,1.202792348571349912e+01
1.026251816225584590e-01,2.270396681303447650e+01
-6.238217193271987782e+01,-1.299488701579537953e+01
-3.676166205475596627e+01,5.189308815505448536e+01
-1.256027631872996508e+01,4.512024426137034538e+01
-5.792169239446226214e+01,3.847222887745359543e+01
1.735453360886018359e+01,2.930308294313813278e+01
-6.567336688357787011e+01,-4.748378605809480746e+01
5.296675115392293520e+01,-1.043552558281360909e+01
-2.289101470536572691e+01,-4.067705691950536817e+01
-3.824849036030823157e+01,5.195522608631368655e+01
-7.604692784303787789e+01,5.840305244885534819e+01
1.719108212492544396e+01,1.134080773123367436e+01
-2.895248531200014597e+01,4.071968724667559769e+01
-2.455229719412321288e+01,3.354624035450340358e+01
-5.683383066282112139e+01,9.772094792077828274e+00
-1.968396539097559739e+01,1.095534563092628133e+01
-8.615298953894946976e+01,5.746790378093602669e+01
-1.145744305895085517e+02,1.242006831450526150e+00
-9.983923861765427432e+01,3.893108170515368016e+01
-8.791947706535148654e+01,4.709335821369132447e+01
-9.124177878259817476e+01,3.470970261378461430e+01
-7.143558373149180341e+01,-2.439312785137946094e+01
-7.975026798623368052e+01,5.913060180813059930e+01
-6.710569610557099907e+01,1.136930076992741334e+01
2.113150375411453865e+02,-7.297756059500822801e+01
-1.061004104718532943e+02,-4.000455024798726811e+01
3.404208785796638637e+01,-1.186082978731423587e+01
-7.479100206523486349e+01,4.495828288380627669e+01
2.085629306554143056e+02,-3.804095735579775805e+01
2.110909291662871397e+02,-8.329759813278188574e+01
1.168589112951175792e+02,2.385229712203362595e+01
1.728754000099981738e+02,1.246780440209305141e+01
1.990253791255738633e+02,1.516045875051895209e+01
3.650866352763654277e+01,-5.455474222203640089e+00
5.524531768215751271e+01,8.472750063363436723e+00
-4.841259859625850481e+01,-2.237349374150001680e+01
-1.968396539097559739e+01,1.095534563092628133e+01
-1.914376470728931778e+01,-1.674314300460785176e+01
4.939713862147405266e+00,-6.218000615321202673e+01
1.555759197174104713e+01,9.899507290522233660e+00
-2.167492746736659015e+01,-5.826895466104073051e+01
3.056135383951282591e+01,2.836242500241449971e+00
-8.153506443124257430e+01,4.432169749372263823e+01
-8.711261673999833022e+01,5.550947337190910957e+01
-1.849691651502781653e+01,-4.542514541242740478e+01
1.977612018244022636e+02,1.797625369277554341e+01
1.045572455029897618e+01,4.344298806546395042e+01
-4.321202464744244409e+00,1.619364931739550784e+01
-9.264331148016243844e+01,-7.738215818389561740e+00
-6.105095879200492703e+01,-4.130614864824100607e+01
4.210996493703379251e+00,-5.975204688203339032e+01
-1.117216254438879908e+01,-5.035668575316810802e+01
-7.880859307556340809e+01,1.944910807081172166e+01
1.914100852931613872e+02,-7.635749810611625499e+00
2.069583993984499415e+01,-1.943143099894378523e+01
-1.355847514095192441e+00,-3.041196898019654071e+01
-7.052092991827719004e+01,-2.771186880686549614e+01
-7.772062389156516815e+01,-9.643398982570904110e+00
2.256034583124803987e+02,-3.808291246511719663e+01
-8.216416327253413954e+01,7.760197299575088081e+00
2.594630090754498397e+01,-5.201726752429839706e+01
1.130862484148392433e+01,-3.331611461121583773e+01
-2.518728823744466894e+01,-3.864581753330105229e-01
5.507961438470259452e+01,-3.469472488883928207e+01
-2.584287950758162822e+01,3.189923858102939214e+00
1.606393656132384251e+02,-8.152411116039222350e+01
-1.029033729411792031e+01,-3.266664778049622697e+01
6.782085208517242059e+00,3.534791050396984824e-01
-6.455432265655919366e+01,-7.359281704777875355e+00
-5.771732275380633048e+00,2.660314312466687170e+01
2.248008560747350160e+01,-1.769964892285031155e+01
-9.250442363324842177e+01,-4.170864313251021827e+01
-3.500313581048617806e+01,5.217771821754187300e+01
-4.264386832326167109e+01,1.199257535639582102e+02
-4.637893558037429642e+01,5.466758853512483540e+01
-3.244484811439449601e+01,-4.237598975302289261e+01
3.289616985752891765e+01,2.264866292740760301e+01
1.475907147396687691e+01,1.993924718503408400e+01
1.802122369126559249e+02,-1.227196387991077664e+01
-2.293672098140870474e+00,-5.504973546485663149e+01
-1.113111494094470117e+02,9.889316723143734222e+00
2.047644512216724877e+02,-6.881921178775790793e+01
2.645460737081264924e+01,-3.229224537215399238e+01
-8.894681854686906775e+01,-4.902555193683937063e+01
-5.266487361886900942e+01,-5.464504812140244638e+01
6.297829610211153550e+01,-1.994952644109972084e+01
-6.912889942349464434e+01,6.788622569806375573e+00
-9.973181186583680358e+01,-5.014165792374785013e+01
-8.660152726305452120e+01,4.428474990242683162e+01
-2.940399394060695215e+01,3.529747164369102563e+01
-9.238526580589227422e+01,-4.902877088411285200e+01
2.037275092944241237e+02,-1.652072578445109485e+01
2.867384869881919229e+01,-2.803418105500468016e+01
-6.859972227781720733e+01,-2.771568922885017372e+01
-5.176794540523499677e+01,-2.748124204523899650e+01
-8.901311219665723229e+01,7.849833350652520858e-01
-5.528438003738882145e+01,5.684562084475818722e+01
6.831095468711552599e+01,-3.347674976046778283e+01
-4.822899356366489343e+01,3.042003366943348297e+01
5.617088803634433702e+01,-5.661755492570361525e+01
-2.216534096438076773e+01,1.874145733933226410e+01
-8.931851598746484910e+01,4.707620182931004393e+01
1.811693460095840180e+02,-2.852979090160828335e+01
-2.519416770400010819e+01,-3.193879159787256228e+00
-5.173298875880750103e+00,5.532760068402510001e+01
-2.557604253577317976e+01,5.208669168141868511e+01
-9.381659674024318107e+00,-3.112640826492000556e+01
-2.971916379072603753e+00,-4.861244225095927618e+01
2.557497034457970386e+00,-5.826863277470187086e+01
-6.848087970005536818e+01,-1.441877563223350256e+00
-3.031710043459994619e+00,-6.562515517529037368e+01
1.172309318898522719e+02,-1.500752757547284588e+01
-5.905608677754335645e+01,2.443318136161135357e+01
2.017590275632595933e+02,-4.743137430723849413e+00
-2.830617628938885844e+01,-8.969862842016564031e+00
2.419438313608553770e+01,-6.078869198508121485e+01
1.840224163341878238e+02,-2.928860396880928363e+01
-1.137259383547749820e+02,-2.867681845932493800e+01
-3.679611782705143952e+01,-3.199539549919015258e+01
1.745810746859038716e+02,-2.835974851604894553e+01
-9.423741575387001035e+01,3.385165675005296038e+01
-1.078045868110436061e+02,-3.602423454756060295e+01
2.041755601441075783e+02,-5.877361120980338427e+01
2.173356017541759115e+02,-1.630225960245694594e+01
-8.418162903989002643e+01,8.132222770737895789e-01
-7.552464067813851045e+01,-4.931680947486275102e+01
-4.537449836735976127e+00,3.642068799863754691e+01
9.462552015198998134e+00,3.236500248599445939e+01
2.995071718285882412e+01,-4.301333810851040340e+01
2.115676860896494702e+02,-6.555874345989373353e+01
1.877854998416254944e+02,-6.734755948518525770e+01
7.153291020322684801e+01,4.447553658304589597e+00
2.974778510875281157e+01,-8.863407967990568626e-01
-5.646771383480092510e+01,8.207132094247548082e+00
-2.437865460505359394e+01,2.043730507153468068e+01
2.236904845734730714e+02,-9.509440644752378091e+01
-7.984776858041038849e+01,-4.538881599902693864e+01
-8.576284438346095840e+01,1.746587637246015845e+01
-5.620676491128300256e+01,3.190752101621592018e+01
-4.236041565514273088e+01,-5.602317787615668232e-01
1.416980462524268169e+01,1.089013861168550257e+01
-6.216108629151958276e+00,1.581131656856120671e+01
1.367302506294130993e+01,-4.506662785635181478e+01
-6.640211968832066702e+01,-3.966542004327713755e+01
-2.462150962267341536e-01,-1.353322952734566265e+01
-7.726216923905853662e+01,8.131736945629416624e+00
1.156814755232109526e+01,1.569813956939888833e+01
-8.791947706535148654e+01,4.709335821369132447e+01
-3.819146089032113878e+01,7.023896293200712293e+00
-6.819819237623791253e+01,3.940607644138244492e+00
-4.646258105846229114e+00,-2.217466059498095277e+01
2.043481808044722072e+02,-9.251910919089991125e+01
1.895131906839590670e+02,-2.181334831553067399e+00
-8.200331491509692228e+01,2.838342696746625293e+01
-7.437299022687909655e+01,4.720784598260788556e+00
2.065064649951499476e+01,-3.246342183301549511e+01
-8.423412848603102532e+01,1.418034219384031402e+01
-8.014665254737738564e+01,1.106708689899681630e+01
-1.042877952670160511e+02,4.592724225370897528e+01
3.606062678765575669e+01,1.178898854876136113e+02
-8.384989530805071922e+00,3.878781653626653991e+01
-8.536002993639738179e+01,-3.911938610816766015e+01
-6.654938913747282925e+01,-1.375166102524975997e+01
-2.815965767830234157e+01,4.385065402136276447e+01
-3.172857306527052401e+01,1.346316622261435292e+01
1.975103952175693109e+02,-6.420986312578683908e+01
-6.340789077757886361e+01,-1.286226432862920532e+01
3.159352581290167805e+01,1.677952726178909781e+00
1.725108427364871488e+02,-5.690465065211303397e+01
1.738470969248640756e+02,9.354172488791839157e+00
-3.018075858501865660e+00,1.439782429422203336e+01
-2.117258216546985139e+01,-5.328738353910298997e+01
-1.426691386693022201e+00,-2.150590245342197004e+00
7.613960600191298944e+00,-2.882893389874405798e+01
1.731010622727326265e+01,-3.468048781747015141e+01
2.514806288328239248e+01,-1.710778708145096161e+01
