Steps    Q        Qc       Rg       Backbone Rama     Contact  Fragment Membrane ER       TBM_Q    Beta     Pap      Helical  Debye_huckel Total   
0        1.00     1.00     10.06    80.42    -347.49  -74.08   -294.05  0.00     0.00     0.00     -23.45   0.00     0.00     0.74     -657.92 
1        0.98     0.99     10.05    4.98     -417.85  -87.83   -287.03  0.00     0.00     0.00     -24.58   -0.00    0.00     0.98     -811.32 
2        0.87     0.96     10.17    264.77   -384.37  -80.73   -254.94  0.00     0.00     0.00     -19.34   0.00     0.00     1.11     -473.50 
3        0.79     0.91     10.23    289.57   -380.82  -80.58   -249.68  0.00     0.00     0.00     -18.32   0.00     0.00     0.86     -438.97 
4        0.70     0.87     10.38    273.09   -376.09  -86.14   -246.67  0.00     0.00     0.00     -17.23   0.00     0.00     1.15     -451.90 
5        0.70     0.87     10.21    332.19   -384.83  -79.73   -247.20  0.00     0.00     0.00     -18.14   0.00     0.00     0.89     -396.81 
6        0.64     0.82     10.28    338.18   -342.87  -78.75   -244.68  0.00     0.00     0.00     -13.76   -0.00    0.00     1.05     -340.84 
7        0.67     0.84     10.40    323.65   -371.77  -84.85   -244.32  0.00     0.00     0.00     -17.71   0.00     0.00     0.92     -394.09 
8        0.65     0.83     10.47    337.34   -372.77  -83.51   -235.79  0.00     0.00     0.00     -14.36   0.00     0.00     0.87     -368.23 
9        0.69     0.86     10.24    362.27   -374.55  -84.15   -245.38  0.00     0.00     0.00     -18.07   0.00     0.00     0.79     -359.10 
10       0.73     0.88     10.42    339.58   -378.49  -87.72   -244.51  0.00     0.00     0.00     -15.69   0.00     0.00     0.56     -386.27 
11       0.78     0.92     10.25    367.02   -352.68  -80.94   -243.32  0.00     0.00     0.00     -16.01   0.00     0.00     0.50     -325.45 
12       0.74     0.88     10.18    325.20   -353.91  -84.31   -237.36  0.00     0.00     0.00     -17.42   -0.00    0.00     0.29     -367.51 
13       0.73     0.87     10.30    343.73   -361.71  -75.86   -241.53  0.00     0.00     0.00     -16.90   -0.00    0.00     0.91     -351.37 
14       0.74     0.88     10.35    302.71   -363.73  -86.17   -242.81  0.00     0.00     0.00     -16.35   -0.00    0.00     0.63     -405.71 
15       0.77     0.90     10.11    324.43   -346.63  -82.48   -244.65  0.00     0.00     0.00     -18.75   -0.00    0.00     0.88     -367.19 
16       0.68     0.86     10.36    387.33   -372.68  -81.67   -235.79  0.00     0.00     0.00     -15.25   -0.00    0.00     1.61     -316.45 
17       0.67     0.85     10.47    342.81   -353.30  -80.25   -227.43  0.00     0.00     0.00     -15.32   0.00     0.00     1.66     -331.84 
18       0.58     0.78     10.97    348.26   -363.94  -78.37   -220.80  0.00     0.00     0.00     -14.46   0.00     0.00     1.53     -327.78 
19       0.56     0.75     11.11    334.18   -363.68  -68.36   -225.00  0.00     0.00     0.00     -14.30   0.00     0.00     1.80     -335.35 
20       0.57     0.75     11.11    335.25   -332.28  -76.44   -224.76  0.00     0.00     0.00     -13.70   0.00     0.00     1.54     -310.39 
21       0.61     0.79     10.82    324.25   -367.41  -75.37   -233.28  0.00     0.00     0.00     -17.65   0.00     0.00     1.13     -368.32 
22       0.61     0.80     10.81    336.03   -369.95  -72.03   -228.72  0.00     0.00     0.00     -11.98   0.00     0.00     1.53     -345.12 
23       0.66     0.84     10.43    345.38   -332.43  -84.04   -233.09  0.00     0.00     0.00     -15.45   0.00     0.00     1.99     -317.64 
24       0.69     0.85     10.56    334.44   -365.89  -82.29   -228.01  0.00     0.00     0.00     -17.07   0.00     0.00     1.37     -357.46 
25       0.65     0.82     10.79    307.03   -348.66  -84.36   -226.20  0.00     0.00     0.00     -15.02   0.00     0.00     2.08     -365.13 
26       0.62     0.80     10.98    323.70   -358.49  -76.70   -245.39  0.00     0.00     0.00     -16.02   0.00     0.00     1.58     -371.31 
27       0.58     0.78     11.13    312.52   -379.87  -79.17   -240.32  0.00     0.00     0.00     -13.77   0.00     0.00     1.99     -398.61 
28       0.63     0.81     10.81    370.24   -369.92  -78.93   -248.45  0.00     0.00     0.00     -15.74   0.00     0.00     1.14     -341.66 
29       0.65     0.82     10.64    306.65   -363.05  -85.11   -247.65  0.00     0.00     0.00     -14.68   0.00     0.00     1.42     -402.42 
30       0.61     0.80     10.26    345.96   -367.77  -79.66   -242.81  0.00     0.00     0.00     -15.06   -0.00    0.00     1.06     -358.28 
31       0.55     0.76     10.25    359.55   -374.14  -86.12   -241.03  0.00     0.00     0.00     -14.66   -0.00    0.00     1.03     -355.36 
32       0.55     0.73     10.20    320.28   -366.19  -80.08   -238.03  0.00     0.00     0.00     -15.53   -0.00    0.00     1.21     -378.35 
33       0.55     0.72     10.27    326.41   -375.84  -91.59   -242.17  0.00     0.00     0.00     -16.02   -0.00    0.00     1.18     -398.01 
34       0.52     0.70     10.34    337.84   -369.89  -83.07   -228.01  0.00     0.00     0.00     -17.66   -0.00    0.00     1.22     -359.57 
35       0.53     0.69     10.50    318.66   -365.98  -81.02   -241.95  0.00     0.00     0.00     -16.40   -0.00    0.00     1.09     -385.61 
36       0.52     0.67     10.49    309.24   -349.88  -85.09   -236.98  0.00     0.00     0.00     -14.26   -0.00    0.00     1.23     -375.73 
37       0.50     0.65     10.76    301.49   -339.93  -81.54   -233.62  0.00     0.00     0.00     -14.49   -0.00    0.00     1.18     -366.91 
38       0.49     0.63     10.78    294.03   -354.70  -80.82   -233.36  0.00     0.00     0.00     -14.32   -0.00    0.00     1.53     -387.65 
39       0.52     0.65     10.64    301.49   -342.69  -80.16   -232.44  0.00     0.00     0.00     -13.40   -0.00    0.00     1.52     -365.68 
40       0.55     0.70     10.53    309.54   -355.29  -84.37   -241.22  0.00     0.00     0.00     -12.80   -0.00    0.00     2.02     -382.11 
41       0.59     0.72     10.56    306.81   -358.59  -83.33   -242.77  0.00     0.00     0.00     -16.94   0.00     0.00     1.32     -393.51 
42       0.58     0.74     10.38    340.13   -353.86  -82.49   -232.47  0.00     0.00     0.00     -16.06   0.00     0.00     1.20     -343.55 
43       0.60     0.77     10.25    330.27   -346.33  -84.79   -246.13  0.00     0.00     0.00     -17.61   -0.00    0.00     1.18     -363.40 
44       0.59     0.75     10.68    329.71   -335.56  -74.51   -237.37  0.00     0.00     0.00     -16.96   -0.00    0.00     1.20     -333.49 
45       0.61     0.77     10.73    290.54   -357.49  -72.85   -240.06  0.00     0.00     0.00     -18.10   0.00     0.00     1.32     -396.64 
46       0.58     0.75     10.96    296.16   -369.40  -75.58   -237.72  0.00     0.00     0.00     -14.84   -0.00    0.00     1.25     -400.14 
47       0.55     0.73     10.73    331.12   -342.20  -80.99   -240.37  0.00     0.00     0.00     -13.97   -0.00    0.00     1.21     -345.20 
48       0.52     0.70     10.91    247.46   -352.25  -81.10   -237.64  0.00     0.00     0.00     -12.57   -0.00    0.00     1.50     -434.59 
49       0.53     0.69     10.75    302.89   -369.32  -79.46   -240.95  0.00     0.00     0.00     -16.36   -0.00    0.00     1.24     -401.95 
50       0.52     0.67     10.80    314.46   -360.10  -85.11   -237.84  0.00     0.00     0.00     -14.42   0.00     0.00     1.02     -381.99 
51       0.51     0.68     10.79    307.99   -377.35  -78.92   -246.64  0.00     0.00     0.00     -17.91   -0.00    0.00     1.71     -411.11 
52       0.53     0.71     10.61    324.64   -351.46  -88.38   -244.37  0.00     0.00     0.00     -17.00   -0.00    0.00     1.33     -375.24 
53       0.60     0.76     10.42    306.87   -367.97  -76.86   -254.65  0.00     0.00     0.00     -18.23   -0.00    0.00     1.07     -409.77 
54       0.59     0.75     10.68    302.09   -378.25  -75.17   -249.66  0.00     0.00     0.00     -15.98   -0.00    0.00     1.05     -415.92 
55       0.59     0.73     10.71    317.32   -397.39  -74.53   -256.73  0.00     0.00     0.00     -20.17   -0.00    0.00     1.42     -430.08 
56       0.59     0.73     10.84    299.96   -376.24  -73.59   -254.63  0.00     0.00     0.00     -17.10   -0.00    0.00     1.65     -419.95 
57       0.59     0.74     10.61    299.15   -384.63  -76.58   -248.64  0.00     0.00     0.00     -15.42   -0.00    0.00     1.32     -424.79 
58       0.55     0.71     10.69    302.23   -385.00  -78.74   -252.76  0.00     0.00     0.00     -16.66   -0.00    0.00     1.32     -429.60 
59       0.51     0.69     10.59    288.07   -364.99  -78.03   -235.41  0.00     0.00     0.00     -16.21   -0.00    0.00     1.44     -405.12 
60       0.50     0.68     10.66    336.38   -373.60  -74.29   -238.14  0.00     0.00     0.00     -17.49   -0.00    0.00     1.06     -366.06 
61       0.55     0.72     10.42    284.91   -370.52  -77.79   -244.65  0.00     0.00     0.00     -15.90   -0.00    0.00     1.23     -422.71 
62       0.55     0.73     10.25    323.44   -375.01  -79.18   -240.01  0.00     0.00     0.00     -13.31   -0.00    0.00     0.64     -383.44 
63       0.57     0.75     10.22    325.60   -365.55  -78.76   -248.85  0.00     0.00     0.00     -17.83   -0.00    0.00     1.15     -384.25 
64       0.57     0.76     10.51    293.02   -359.94  -80.95   -234.62  0.00     0.00     0.00     -14.13   -0.00    0.00     1.00     -395.62 
65       0.53     0.72     10.44    298.13   -356.42  -88.36   -227.45  0.00     0.00     0.00     -15.34   -0.00    0.00     1.40     -388.05 
66       0.54     0.73     10.48    317.25   -360.65  -82.55   -224.61  0.00     0.00     0.00     -14.92   -0.00    0.00     1.52     -363.96 
67       0.61     0.78     10.42    281.94   -364.28  -84.19   -243.78  0.00     0.00     0.00     -14.87   -0.00    0.00     1.76     -423.43 
68       0.57     0.75     10.66    307.78   -359.25  -80.08   -234.63  0.00     0.00     0.00     -13.83   0.00     0.00     1.05     -378.94 
69       0.55     0.72     10.93    300.68   -358.62  -78.37   -248.83  0.00     0.00     0.00     -17.48   -0.00    0.00     0.92     -401.70 
70       0.46     0.65     11.10    292.31   -360.96  -76.31   -235.27  0.00     0.00     0.00     -15.83   -0.00    0.00     1.61     -394.46 
71       0.47     0.65     10.98    284.79   -364.62  -73.05   -235.71  0.00     0.00     0.00     -16.32   -0.00    0.00     1.40     -403.51 
72       0.49     0.66     10.93    306.15   -368.22  -78.47   -235.45  0.00     0.00     0.00     -16.43   -0.00    0.00     1.50     -390.92 
73       0.52     0.68     10.91    314.36   -369.38  -76.58   -235.94  0.00     0.00     0.00     -15.30   -0.00    0.00     1.36     -381.47 
74       0.58     0.72     10.64    328.01   -375.20  -80.56   -247.82  0.00     0.00     0.00     -15.46   -0.00    0.00     1.14     -389.88 
75       0.61     0.73     10.84    312.17   -377.61  -81.35   -247.16  0.00     0.00     0.00     -17.94   0.00     0.00     1.41     -410.48 
76       0.60     0.73     10.94    293.24   -387.29  -79.54   -249.89  0.00     0.00     0.00     -17.61   -0.00    0.00     1.74     -439.35 
77       0.60     0.74     10.94    292.45   -372.44  -77.51   -252.26  0.00     0.00     0.00     -15.09   -0.00    0.00     1.56     -423.30 
78       0.62     0.76     10.64    299.40   -349.93  -80.64   -250.00  0.00     0.00     0.00     -17.37   -0.00    0.00     1.19     -397.35 
79       0.55     0.72     10.67    287.10   -367.67  -79.90   -245.25  0.00     0.00     0.00     -15.16   -0.00    0.00     1.14     -419.73 
80       0.56     0.71     10.59    288.07   -377.64  -78.82   -243.67  0.00     0.00     0.00     -16.14   -0.00    0.00     1.22     -426.97 
81       0.57     0.73     10.36    290.24   -361.47  -83.73   -245.24  0.00     0.00     0.00     -17.20   -0.00    0.00     1.65     -415.75 
82       0.59     0.75     10.28    264.98   -375.61  -88.81   -238.40  0.00     0.00     0.00     -17.56   0.00     0.00     1.69     -453.70 
83       0.62     0.77     10.36    281.12   -369.53  -82.13   -254.71  0.00     0.00     0.00     -16.63   -0.00    0.00     1.17     -440.71 
84       0.61     0.76     10.18    315.07   -360.70  -84.13   -250.07  0.00     0.00     0.00     -19.39   -0.00    0.00     1.19     -398.02 
85       0.60     0.77     10.33    293.81   -364.30  -82.32   -253.15  0.00     0.00     0.00     -16.64   -0.00    0.00     1.15     -421.44 
86       0.57     0.75     10.53    274.35   -372.26  -83.50   -253.47  0.00     0.00     0.00     -17.49   -0.00    0.00     1.34     -451.03 
87       0.59     0.76     10.54    328.50   -386.16  -76.84   -252.34  0.00     0.00     0.00     -16.92   -0.00    0.00     1.02     -402.72 
88       0.58     0.77     10.48    278.07   -358.46  -85.72   -241.57  0.00     0.00     0.00     -18.29   0.00     0.00     1.03     -424.95 
89       0.60     0.79     10.60    274.47   -388.85  -81.54   -246.02  0.00     0.00     0.00     -16.04   0.00     0.00     1.11     -456.88 
90       0.64     0.81     10.42    280.16   -379.62  -84.87   -248.80  0.00     0.00     0.00     -17.45   -0.00    0.00     1.13     -449.46 
91       0.66     0.82     10.14    283.27   -371.04  -86.74   -255.77  0.00     0.00     0.00     -21.12   -0.00    0.00     0.69     -450.71 
92       0.61     0.78     10.50    284.92   -378.19  -86.84   -251.82  0.00     0.00     0.00     -14.43   -0.00    0.00     0.88     -445.48 
93       0.56     0.72     10.58    285.23   -375.92  -82.30   -250.73  0.00     0.00     0.00     -16.76   -0.00    0.00     1.20     -439.28 
94       0.55     0.71     10.74    285.41   -368.30  -78.23   -247.57  0.00     0.00     0.00     -15.37   -0.00    0.00     1.52     -422.55 
95       0.55     0.70     10.71    312.75   -381.91  -81.95   -250.26  0.00     0.00     0.00     -18.82   -0.00    0.00     1.01     -419.17 
96       0.52     0.70     10.71    284.61   -381.40  -81.65   -238.56  0.00     0.00     0.00     -16.08   -0.00    0.00     0.56     -432.52 
97       0.55     0.72     10.57    292.05   -365.34  -81.04   -243.81  0.00     0.00     0.00     -17.83   -0.00    0.00     1.09     -414.89 
98       0.59     0.75     10.44    251.37   -373.67  -77.69   -250.95  0.00     0.00     0.00     -18.86   -0.00    0.00     0.91     -468.89 
99       0.59     0.78     10.54    297.86   -387.74  -76.99   -247.44  0.00     0.00     0.00     -17.62   -0.00    0.00     1.29     -430.63 
100      0.64     0.82     10.61    269.13   -355.27  -82.07   -238.62  0.00     0.00     0.00     -18.73   -0.00    0.00     1.33     -424.23 
101      0.66     0.84     10.79    281.23   -373.62  -79.15   -240.25  0.00     0.00     0.00     -16.33   -0.00    0.00     0.95     -427.18 
102      0.70     0.86     10.65    259.14   -371.17  -80.13   -256.21  0.00     0.00     0.00     -16.42   -0.00    0.00     1.43     -463.35 
103      0.68     0.84     10.74    259.40   -390.27  -79.59   -250.71  0.00     0.00     0.00     -19.05   0.00     0.00     1.16     -479.05 
104      0.69     0.84     10.72    273.96   -376.68  -85.92   -256.06  0.00     0.00     0.00     -18.01   0.00     0.00     1.01     -461.69 
105      0.68     0.83     10.83    258.85   -372.14  -77.90   -253.26  0.00     0.00     0.00     -16.22   0.00     0.00     1.47     -459.19 
106      0.73     0.86     10.56    285.49   -388.00  -81.63   -255.14  0.00     0.00     0.00     -17.11   0.00     0.00     1.66     -454.74 
107      0.66     0.83     10.28    272.65   -377.76  -80.02   -251.36  0.00     0.00     0.00     -15.41   -0.00    0.00     0.85     -451.04 
108      0.65     0.80     10.36    273.99   -370.76  -83.83   -250.39  0.00     0.00     0.00     -16.34   -0.00    0.00     1.37     -445.94 
109      0.62     0.78     10.38    268.62   -390.88  -81.89   -252.16  0.00     0.00     0.00     -16.12   -0.00    0.00     0.91     -471.51 
110      0.57     0.74     10.57    263.11   -370.74  -86.35   -242.83  0.00     0.00     0.00     -19.77   -0.00    0.00     0.98     -455.60 
111      0.57     0.74     10.40    267.89   -397.51  -83.57   -240.18  0.00     0.00     0.00     -18.76   -0.00    0.00     1.05     -471.10 
112      0.62     0.77     10.54    241.34   -379.18  -85.66   -251.43  0.00     0.00     0.00     -19.21   -0.00    0.00     1.00     -493.14 
113      0.62     0.79     10.49    268.76   -381.86  -81.77   -240.46  0.00     0.00     0.00     -16.44   -0.00    0.00     0.87     -450.90 
114      0.66     0.83     10.39    279.06   -390.84  -84.20   -249.17  0.00     0.00     0.00     -18.82   -0.00    0.00     0.83     -463.14 
115      0.68     0.84     10.38    267.68   -403.70  -79.93   -250.19  0.00     0.00     0.00     -19.79   -0.00    0.00     1.20     -484.73 
116      0.67     0.84     10.42    258.17   -389.75  -80.98   -246.02  0.00     0.00     0.00     -18.87   -0.00    0.00     1.35     -476.10 
117      0.68     0.85     10.44    245.12   -398.09  -82.17   -249.64  0.00     0.00     0.00     -18.34   -0.00    0.00     0.99     -502.13 
118      0.67     0.85     10.55    225.29   -388.73  -83.45   -239.47  0.00     0.00     0.00     -16.27   -0.00    0.00     1.00     -501.63 
119      0.66     0.83     10.40    258.98   -386.01  -80.11   -241.37  0.00     0.00     0.00     -20.72   -0.00    0.00     1.03     -468.19 
120      0.62     0.80     10.52    235.92   -384.52  -80.72   -243.52  0.00     0.00     0.00     -15.91   -0.00    0.00     0.84     -487.91 
121      0.62     0.80     10.58    267.84   -397.56  -76.80   -248.36  0.00     0.00     0.00     -17.15   -0.00    0.00     0.55     -471.49 
122      0.60     0.79     10.55    242.60   -374.35  -82.52   -236.73  0.00     0.00     0.00     -16.62   -0.00    0.00     0.62     -466.99 
123      0.64     0.81     10.41    265.01   -389.10  -83.95   -242.13  0.00     0.00     0.00     -15.89   -0.00    0.00     1.05     -465.02 
124      0.60     0.79     10.33    270.92   -377.72  -87.37   -239.50  0.00     0.00     0.00     -15.30   -0.00    0.00     0.76     -448.22 
125      0.60     0.77     10.27    242.58   -394.89  -86.22   -243.53  0.00     0.00     0.00     -16.86   -0.00    0.00     0.42     -498.51 
126      0.59     0.77     10.29    249.45   -390.71  -86.31   -239.39  0.00     0.00     0.00     -15.73   -0.00    0.00     0.83     -481.86 
127      0.58     0.77     10.31    233.07   -394.88  -88.48   -242.98  0.00     0.00     0.00     -17.66   -0.00    0.00     0.62     -510.31 
128      0.58     0.77     10.48    276.75   -387.67  -85.83   -236.90  0.00     0.00     0.00     -13.61   0.00     0.00     0.83     -446.43 
129      0.61     0.80     10.25    265.67   -377.28  -85.64   -243.30  0.00     0.00     0.00     -16.67   -0.00    0.00     0.74     -456.48 
130      0.61     0.79     10.43    253.06   -384.44  -80.05   -238.00  0.00     0.00     0.00     -17.11   -0.00    0.00     0.61     -465.94 
131      0.60     0.79     10.72    233.70   -395.85  -82.69   -248.75  0.00     0.00     0.00     -17.47   0.00     0.00     0.73     -510.33 
132      0.63     0.80     10.69    265.01   -393.80  -86.92   -247.51  0.00     0.00     0.00     -17.44   -0.00    0.00     0.88     -479.77 
133      0.61     0.78     10.76    279.59   -390.36  -88.56   -242.64  0.00     0.00     0.00     -16.24   -0.00    0.00     0.85     -457.36 
134      0.62     0.78     10.53    260.47   -381.76  -81.28   -245.13  0.00     0.00     0.00     -17.01   -0.00    0.00     0.73     -463.99 
135      0.63     0.79     10.55    292.25   -393.10  -86.15   -243.16  0.00     0.00     0.00     -15.82   -0.00    0.00     0.65     -445.33 
136      0.63     0.80     10.56    270.33   -390.84  -83.35   -243.76  0.00     0.00     0.00     -20.11   -0.00    0.00     0.76     -466.96 
137      0.60     0.78     10.79    276.52   -388.38  -82.56   -241.55  0.00     0.00     0.00     -15.93   -0.00    0.00     1.10     -450.81 
138      0.60     0.77     10.79    238.99   -390.53  -84.70   -247.91  0.00     0.00     0.00     -17.10   -0.00    0.00     0.94     -500.31 
139      0.59     0.76     10.76    262.88   -380.98  -87.81   -239.56  0.00     0.00     0.00     -14.48   -0.00    0.00     0.87     -459.09 
140      0.57     0.74     10.87    278.69   -393.50  -85.27   -248.91  0.00     0.00     0.00     -18.87   -0.00    0.00     1.07     -466.79 
141      0.58     0.76     10.74    233.18   -394.06  -82.73   -247.13  0.00     0.00     0.00     -16.73   -0.00    0.00     1.06     -506.42 
142      0.60     0.76     10.77    249.59   -385.27  -88.53   -248.19  0.00     0.00     0.00     -15.11   -0.00    0.00     0.68     -486.83 
143      0.60     0.77     10.67    252.43   -388.37  -87.29   -253.29  0.00     0.00     0.00     -18.45   -0.00    0.00     1.12     -493.85 
144      0.63     0.80     10.61    256.62   -376.23  -87.64   -258.05  0.00     0.00     0.00     -20.77   -0.00    0.00     0.65     -485.42 
145      0.65     0.80     10.59    251.12   -377.85  -79.69   -260.02  0.00     0.00     0.00     -17.98   -0.00    0.00     0.79     -483.63 
146      0.64     0.81     10.48    243.51   -394.67  -80.73   -262.13  0.00     0.00     0.00     -18.71   -0.00    0.00     1.27     -511.46 
147      0.62     0.79     10.52    271.09   -389.72  -83.58   -261.44  0.00     0.00     0.00     -18.42   -0.00    0.00     0.77     -481.30 
148      0.57     0.74     10.65    234.46   -376.10  -82.95   -251.02  0.00     0.00     0.00     -18.02   0.00     0.00     0.99     -492.65 
149      0.56     0.72     10.46    258.01   -375.26  -81.05   -254.45  0.00     0.00     0.00     -17.98   -0.00    0.00     1.31     -469.42 
150      0.55     0.70     10.48    249.20   -378.43  -82.17   -253.90  0.00     0.00     0.00     -16.75   -0.00    0.00     1.62     -480.44 
151      0.54     0.69     10.45    269.88   -390.46  -79.62   -252.15  0.00     0.00     0.00     -18.38   -0.00    0.00     1.01     -469.73 
152      0.52     0.68     10.66    247.45   -404.71  -83.37   -240.52  0.00     0.00     0.00     -18.94   -0.00    0.00     0.96     -499.13 
153      0.54     0.69     10.58    258.47   -396.91  -83.23   -245.41  0.00     0.00     0.00     -20.61   -0.00    0.00     0.83     -486.86 
154      0.55     0.70     10.68    221.69   -393.11  -85.92   -245.07  0.00     0.00     0.00     -18.28   -0.00    0.00     0.87     -519.84 
155      0.56     0.72     10.28    234.21   -395.91  -87.81   -244.32  0.00     0.00     0.00     -18.95   -0.00    0.00     0.72     -512.06 
156      0.55     0.72     10.52    252.29   -393.54  -84.37   -243.44  0.00     0.00     0.00     -17.44   -0.00    0.00     0.49     -486.02 
157      0.56     0.72     10.55    239.90   -385.81  -82.22   -249.06  0.00     0.00     0.00     -18.82   -0.00    0.00     0.85     -495.15 
158      0.56     0.72     10.69    237.55   -394.97  -86.78   -249.39  0.00     0.00     0.00     -17.62   -0.00    0.00     0.77     -510.44 
159      0.55     0.71     10.68    239.89   -397.35  -87.79   -250.17  0.00     0.00     0.00     -19.37   -0.00    0.00     0.75     -514.04 
160      0.51     0.67     10.76    263.68   -385.68  -84.49   -248.91  0.00     0.00     0.00     -18.23   -0.00    0.00     0.76     -472.87 
161      0.52     0.67     10.87    232.77   -406.26  -85.53   -246.91  0.00     0.00     0.00     -17.61   -0.00    0.00     1.03     -522.50 
162      0.54     0.68     10.92    227.02   -383.28  -78.98   -247.52  0.00     0.00     0.00     -18.81   -0.00    0.00     1.20     -500.37 
163      0.53     0.67     11.08    240.47   -400.82  -79.74   -244.18  0.00     0.00     0.00     -16.42   -0.00    0.00     1.35     -499.34 
164      0.52     0.67     10.81    252.59   -394.14  -84.92   -245.83  0.00     0.00     0.00     -17.95   -0.00    0.00     0.97     -489.27 
165      0.53     0.67     10.62    223.36   -386.22  -82.80   -249.60  0.00     0.00     0.00     -20.70   -0.00    0.00     1.22     -514.74 
166      0.55     0.69     10.59    219.55   -391.31  -88.48   -249.49  0.00     0.00     0.00     -17.89   -0.00    0.00     0.85     -526.76 
167      0.54     0.69     10.80    225.42   -394.08  -85.28   -250.96  0.00     0.00     0.00     -18.16   -0.00    0.00     0.94     -522.13 
168      0.53     0.68     11.01    212.09   -387.08  -84.08   -236.24  0.00     0.00     0.00     -19.30   -0.00    0.00     1.12     -513.49 
169      0.57     0.73     10.74    228.35   -382.17  -85.05   -241.68  0.00     0.00     0.00     -17.08   -0.00    0.00     0.98     -496.65 
170      0.59     0.76     10.51    218.36   -383.40  -86.16   -233.34  0.00     0.00     0.00     -19.40   -0.00    0.00     1.46     -502.49 
171      0.58     0.75     10.49    220.71   -386.71  -83.66   -242.38  0.00     0.00     0.00     -16.64   -0.00    0.00     1.06     -507.62 
172      0.58     0.75     10.48    211.97   -390.57  -80.10   -248.50  0.00     0.00     0.00     -20.35   -0.00    0.00     1.33     -526.22 
173      0.59     0.76     10.68    233.22   -393.47  -82.27   -238.25  0.00     0.00     0.00     -16.83   0.00     0.00     1.00     -496.61 
174      0.62     0.80     10.47    246.97   -388.69  -86.53   -248.75  0.00     0.00     0.00     -18.31   -0.00    0.00     1.08     -494.22 
175      0.63     0.81     10.53    227.64   -405.50  -83.40   -247.56  0.00     0.00     0.00     -19.16   0.00     0.00     0.95     -527.03 
176      0.61     0.79     10.57    237.15   -393.58  -82.93   -248.77  0.00     0.00     0.00     -19.69   -0.00    0.00     0.56     -507.26 
177      0.63     0.79     10.55    246.25   -385.18  -86.22   -252.42  0.00     0.00     0.00     -17.21   -0.00    0.00     0.92     -493.87 
178      0.63     0.79     10.48    227.87   -393.66  -86.92   -251.96  0.00     0.00     0.00     -16.93   -0.00    0.00     0.77     -520.83 
179      0.59     0.77     10.55    210.56   -400.63  -85.31   -252.30  0.00     0.00     0.00     -19.45   -0.00    0.00     1.24     -545.90 
180      0.58     0.74     10.70    250.60   -414.05  -81.53   -254.03  0.00     0.00     0.00     -17.94   -0.00    0.00     1.34     -515.61 
181      0.59     0.73     10.79    243.09   -387.79  -84.65   -254.14  0.00     0.00     0.00     -17.44   -0.00    0.00     0.64     -500.27 
182      0.58     0.72     11.15    229.54   -380.45  -77.74   -254.06  0.00     0.00     0.00     -16.98   -0.00    0.00     1.06     -498.63 
183      0.57     0.71     11.19    219.32   -375.08  -76.42   -254.92  0.00     0.00     0.00     -18.00   0.00     0.00     1.47     -503.64 
184      0.59     0.73     11.29    218.94   -391.49  -74.71   -257.01  0.00     0.00     0.00     -20.15   -0.00    0.00     1.44     -522.98 
185      0.63     0.77     11.20    215.03   -388.53  -75.92   -262.50  0.00     0.00     0.00     -19.20   -0.00    0.00     0.82     -530.29 
186      0.67     0.79     11.03    234.07   -405.06  -77.16   -262.51  0.00     0.00     0.00     -19.25   0.00     0.00     0.91     -529.00 
187      0.65     0.80     10.91    209.03   -399.69  -80.86   -249.32  0.00     0.00     0.00     -18.02   -0.00    0.00     0.93     -537.93 
188      0.64     0.80     10.95    231.56   -394.34  -79.14   -256.01  0.00     0.00     0.00     -16.47   -0.00    0.00     0.95     -513.46 
189      0.64     0.79     10.84    210.17   -391.79  -79.04   -260.68  0.00     0.00     0.00     -18.92   -0.00    0.00     1.21     -539.04 
190      0.66     0.80     10.65    186.79   -382.01  -87.50   -259.16  0.00     0.00     0.00     -17.39   0.00     0.00     0.99     -558.27 
191      0.67     0.82     10.62    213.08   -394.53  -81.98   -264.83  0.00     0.00     0.00     -18.03   -0.00    0.00     0.95     -545.34 
192      0.66     0.82     10.45    217.68   -392.96  -79.60   -263.28  0.00     0.00     0.00     -19.46   -0.00    0.00     1.00     -536.62 
193      0.67     0.84     10.26    209.13   -382.89  -86.77   -259.46  0.00     0.00     0.00     -17.35   -0.00    0.00     1.06     -536.28 
194      0.71     0.87     10.04    224.64   -378.27  -91.01   -258.28  0.00     0.00     0.00     -19.75   -0.00    0.00     0.86     -521.81 
195      0.73     0.86     10.42    217.24   -388.40  -81.76   -267.17  0.00     0.00     0.00     -18.93   -0.00    0.00     1.10     -537.92 
196      0.67     0.82     10.73    239.86   -395.29  -83.65   -258.40  0.00     0.00     0.00     -18.16   -0.00    0.00     1.22     -514.43 
197      0.62     0.76     11.08    220.37   -392.95  -86.40   -258.18  0.00     0.00     0.00     -16.91   -0.00    0.00     1.56     -532.50 
198      0.61     0.75     11.02    204.49   -387.06  -79.02   -263.91  0.00     0.00     0.00     -18.20   0.00     0.00     1.62     -542.08 
199      0.62     0.78     10.85    205.97   -392.51  -83.04   -259.65  0.00     0.00     0.00     -17.33   -0.00    0.00     1.74     -544.81 
200      0.67     0.81     10.86    214.96   -390.35  -83.34   -264.10  0.00     0.00     0.00     -20.46   -0.00    0.00     1.31     -541.98 
201      0.65     0.79     10.92    208.01   -383.12  -80.18   -260.28  0.00     0.00     0.00     -20.56   -0.00    0.00     1.65     -534.46 
202      0.67     0.81     10.83    223.01   -395.53  -74.58   -258.14  0.00     0.00     0.00     -19.74   -0.00    0.00     1.50     -523.47 
203      0.71     0.84     10.54    224.77   -381.87  -81.45   -259.53  0.00     0.00     0.00     -17.89   0.00     0.00     1.51     -514.45 
204      0.73     0.86     10.46    207.90   -388.19  -83.48   -262.05  0.00     0.00     0.00     -19.75   -0.00    0.00     1.59     -543.97 
205      0.70     0.84     10.72    204.17   -377.61  -81.15   -260.15  0.00     0.00     0.00     -17.13   -0.00    0.00     1.25     -530.61 
206      0.74     0.87     10.59    204.48   -396.93  -80.16   -262.07  0.00     0.00     0.00     -19.17   -0.00    0.00     1.10     -552.76 
207      0.76     0.88     10.65    192.10   -389.34  -82.51   -262.50  0.00     0.00     0.00     -18.90   0.00     0.00     1.41     -559.73 
208      0.76     0.89     10.63    187.66   -372.59  -77.46   -257.56  0.00     0.00     0.00     -20.16   0.00     0.00     1.03     -539.09 
209      0.77     0.90     10.51    205.69   -380.74  -80.23   -260.36  0.00     0.00     0.00     -18.45   -0.00    0.00     1.13     -532.97 
210      0.76     0.89     10.48    219.49   -391.52  -80.35   -262.28  0.00     0.00     0.00     -17.15   -0.00    0.00     0.79     -531.03 
211      0.73     0.87     10.45    212.51   -391.63  -80.02   -263.87  0.00     0.00     0.00     -17.76   0.00     0.00     1.02     -539.75 
212      0.71     0.85     10.43    204.16   -387.97  -82.54   -263.96  0.00     0.00     0.00     -16.40   0.00     0.00     1.38     -545.32 
213      0.70     0.84     10.25    214.18   -395.03  -84.63   -268.04  0.00     0.00     0.00     -20.20   0.00     0.00     0.84     -552.87 
214      0.68     0.84     10.12    204.75   -395.65  -88.63   -260.71  0.00     0.00     0.00     -16.65   0.00     0.00     1.12     -555.77 
215      0.66     0.83     10.15    204.25   -385.11  -85.14   -261.74  0.00     0.00     0.00     -21.64   -0.00    0.00     0.82     -548.57 
216      0.65     0.82     10.26    222.52   -384.72  -83.27   -254.36  0.00     0.00     0.00     -16.32   -0.00    0.00     0.85     -515.31 
217      0.67     0.83     10.34    220.69   -393.43  -87.37   -254.14  0.00     0.00     0.00     -18.92   0.00     0.00     0.98     -532.19 
218      0.65     0.82     10.50    224.34   -399.89  -81.51   -258.31  0.00     0.00     0.00     -19.12   0.00     0.00     0.90     -533.58 
219      0.67     0.82     10.31    211.15   -394.66  -81.55   -251.65  0.00     0.00     0.00     -19.00   0.00     0.00     0.66     -535.05 
220      0.71     0.85     10.27    224.52   -394.25  -82.95   -262.75  0.00     0.00     0.00     -19.40   0.00     0.00     1.11     -533.72 
221      0.71     0.85     10.33    206.47   -392.61  -79.86   -264.12  0.00     0.00     0.00     -19.07   -0.00    0.00     0.99     -548.19 
222      0.70     0.86     10.45    207.86   -391.12  -83.18   -259.57  0.00     0.00     0.00     -18.12   -0.00    0.00     1.00     -543.13 
223      0.73     0.86     10.61    199.66   -399.15  -84.15   -254.12  0.00     0.00     0.00     -18.39   0.00     0.00     1.28     -554.87 
224      0.78     0.91     10.48    209.79   -381.16  -85.12   -259.69  0.00     0.00     0.00     -18.08   0.00     0.00     1.47     -532.79 
225      0.79     0.91     10.46    209.04   -400.45  -81.33   -266.19  0.00     0.00     0.00     -19.89   -0.00    0.00     1.18     -557.62 
226      0.74     0.89     10.34    199.99   -401.37  -82.62   -260.98  0.00     0.00     0.00     -18.02   -0.00    0.00     1.26     -561.75 
227      0.75     0.89     10.35    192.93   -397.73  -88.05   -268.90  0.00     0.00     0.00     -22.27   -0.00    0.00     1.23     -582.80 
228      0.75     0.90     10.37    182.55   -400.52  -84.76   -262.00  0.00     0.00     0.00     -19.46   -0.00    0.00     1.05     -583.13 
229      0.76     0.90     10.26    205.90   -394.12  -88.67   -258.93  0.00     0.00     0.00     -19.02   -0.00    0.00     1.84     -552.99 
230      0.74     0.89     10.37    179.69   -397.78  -87.10   -262.81  0.00     0.00     0.00     -20.94   -0.00    0.00     1.11     -587.83 
231      0.79     0.91     10.12    195.94   -399.84  -90.40   -262.33  0.00     0.00     0.00     -20.02   -0.00    0.00     1.35     -575.31 
232      0.81     0.92     10.18    190.62   -400.31  -86.30   -267.72  0.00     0.00     0.00     -20.39   -0.00    0.00     1.16     -582.93 
233      0.80     0.92     10.27    189.07   -397.20  -84.16   -261.79  0.00     0.00     0.00     -20.65   -0.00    0.00     1.28     -573.44 
234      0.80     0.91     10.39    199.73   -402.83  -83.60   -264.05  0.00     0.00     0.00     -20.35   -0.00    0.00     1.00     -570.10 
235      0.78     0.91     10.41    200.34   -393.64  -80.65   -263.65  0.00     0.00     0.00     -20.48   0.00     0.00     0.72     -557.35 
236      0.76     0.90     10.62    193.61   -394.61  -80.01   -267.58  0.00     0.00     0.00     -18.53   0.00     0.00     0.86     -566.26 
237      0.77     0.91     10.40    217.40   -397.35  -82.89   -263.94  0.00     0.00     0.00     -20.21   0.00     0.00     0.73     -546.27 
238      0.78     0.91     10.43    204.07   -395.69  -86.79   -261.85  0.00     0.00     0.00     -19.34   -0.00    0.00     0.57     -559.03 
239      0.78     0.91     10.46    211.75   -401.55  -79.50   -262.68  0.00     0.00     0.00     -19.63   0.00     0.00     0.99     -550.63 
240      0.84     0.94     10.25    188.84   -402.57  -83.32   -273.09  0.00     0.00     0.00     -20.40   0.00     0.00     1.18     -589.38 
241      0.77     0.91     10.23    197.72   -406.07  -90.47   -266.70  0.00     0.00     0.00     -19.48   -0.00    0.00     1.21     -583.78 
242      0.76     0.90     10.44    179.01   -400.16  -87.76   -271.27  0.00     0.00     0.00     -19.64   -0.00    0.00     1.47     -598.35 
243      0.76     0.89     10.57    193.54   -404.51  -84.46   -266.68  0.00     0.00     0.00     -19.67   -0.00    0.00     1.47     -580.31 
244      0.76     0.88     10.56    178.45   -401.74  -83.49   -264.99  0.00     0.00     0.00     -20.58   -0.00    0.00     1.58     -590.76 
245      0.75     0.89     10.40    173.90   -403.26  -84.95   -256.68  0.00     0.00     0.00     -18.54   -0.00    0.00     1.44     -588.10 
246      0.79     0.91     10.23    196.94   -399.71  -88.76   -262.04  0.00     0.00     0.00     -19.26   -0.00    0.00     1.97     -570.85 
247      0.81     0.92     10.17    194.91   -402.69  -88.24   -263.60  0.00     0.00     0.00     -18.24   -0.00    0.00     1.55     -576.31 
248      0.78     0.91     10.22    174.86   -392.24  -80.65   -264.18  0.00     0.00     0.00     -20.04   -0.00    0.00     1.60     -580.64 
249      0.77     0.90     10.13    185.91   -397.18  -84.65   -264.02  0.00     0.00     0.00     -21.32   -0.00    0.00     1.01     -580.27 
250      0.78     0.90     10.11    191.45   -395.26  -87.54   -268.17  0.00     0.00     0.00     -19.42   0.00     0.00     0.86     -578.08 
251      0.77     0.90     10.02    179.00   -394.34  -85.58   -267.32  0.00     0.00     0.00     -20.50   0.00     0.00     0.54     -588.19 
252      0.77     0.90     10.25    172.68   -394.22  -83.45   -264.34  0.00     0.00     0.00     -18.59   0.00     0.00     0.94     -586.98 
253      0.76     0.88     10.35    194.19   -400.50  -86.61   -261.40  0.00     0.00     0.00     -21.12   0.00     0.00     0.77     -574.66 
254      0.72     0.86     10.37    186.76   -401.43  -87.95   -256.59  0.00     0.00     0.00     -19.75   0.00     0.00     0.86     -578.11 
255      0.68     0.85     10.30    186.02   -406.60  -91.29   -245.85  0.00     0.00     0.00     -19.82   0.00     0.00     0.64     -576.90 
256      0.72     0.87     10.40    193.42   -411.73  -88.25   -249.52  0.00     0.00     0.00     -20.40   0.00     0.00     1.27     -575.19 
257      0.77     0.90     10.44    181.40   -407.24  -82.05   -256.46  0.00     0.00     0.00     -18.83   0.00     0.00     1.08     -582.09 
258      0.80     0.92     10.30    177.81   -411.04  -84.76   -257.95  0.00     0.00     0.00     -20.81   0.00     0.00     1.08     -595.67 
259      0.72     0.88     10.49    177.77   -414.21  -84.99   -246.96  0.00     0.00     0.00     -19.10   0.00     0.00     1.20     -586.29 
260      0.70     0.85     10.59    185.48   -413.75  -78.27   -260.88  0.00     0.00     0.00     -21.00   0.00     0.00     1.48     -586.93 
261      0.66     0.82     10.71    155.92   -415.22  -80.34   -257.32  0.00     0.00     0.00     -18.91   0.00     0.00     1.25     -614.62 
262      0.64     0.79     10.94    165.02   -410.27  -78.48   -258.97  0.00     0.00     0.00     -21.56   -0.00    0.00     1.30     -602.96 
263      0.62     0.76     11.10    159.18   -410.48  -76.62   -259.17  0.00     0.00     0.00     -20.62   -0.00    0.00     1.32     -606.39 
264      0.57     0.72     11.16    180.80   -414.84  -75.49   -253.15  0.00     0.00     0.00     -18.76   0.00     0.00     1.59     -579.84 
265      0.55     0.70     11.10    189.65   -407.02  -78.63   -257.22  0.00     0.00     0.00     -20.19   0.00     0.00     1.51     -571.90 
266      0.53     0.69     11.04    191.35   -414.96  -79.77   -252.88  0.00     0.00     0.00     -21.07   0.00     0.00     1.56     -575.77 
267      0.53     0.71     10.98    177.24   -405.54  -79.36   -249.28  0.00     0.00     0.00     -17.99   0.00     0.00     1.54     -573.40 
268      0.57     0.74     10.91    192.03   -411.30  -76.84   -256.08  0.00     0.00     0.00     -20.29   0.00     0.00     1.27     -571.22 
269      0.61     0.77     10.72    176.29   -405.93  -80.75   -258.60  0.00     0.00     0.00     -21.76   0.00     0.00     1.69     -589.06 
270      0.64     0.80     10.48    179.24   -406.82  -83.11   -255.17  0.00     0.00     0.00     -19.91   0.00     0.00     1.70     -584.07 
271      0.63     0.80     10.50    159.59   -412.12  -79.85   -259.21  0.00     0.00     0.00     -20.34   0.00     0.00     1.34     -610.59 
272      0.62     0.79     10.46    172.21   -410.71  -81.05   -259.97  0.00     0.00     0.00     -21.82   0.00     0.00     1.40     -599.95 
273      0.62     0.79     10.49    174.24   -412.88  -82.72   -260.25  0.00     0.00     0.00     -22.14   0.00     0.00     1.36     -602.38 
274      0.64     0.80     10.47    168.21   -414.90  -87.21   -259.84  0.00     0.00     0.00     -20.88   0.00     0.00     1.31     -613.32 
275      0.65     0.80     10.27    180.54   -404.31  -80.50   -260.83  0.00     0.00     0.00     -20.54   0.00     0.00     1.38     -584.25 
276      0.63     0.79     10.27    178.42   -412.49  -86.46   -262.67  0.00     0.00     0.00     -18.74   -0.00    0.00     1.24     -600.70 
277      0.61     0.78     10.14    168.24   -417.78  -81.54   -256.73  0.00     0.00     0.00     -20.71   -0.00    0.00     1.16     -607.36 
278      0.62     0.78     10.04    160.37   -413.94  -84.77   -259.26  0.00     0.00     0.00     -20.89   -0.00    0.00     0.98     -617.50 
279      0.62     0.78     10.15    165.11   -415.77  -80.29   -253.05  0.00     0.00     0.00     -19.74   -0.00    0.00     1.10     -602.64 
280      0.65     0.80     10.23    164.65   -407.93  -82.76   -257.58  0.00     0.00     0.00     -20.45   -0.00    0.00     1.21     -602.86 
281      0.67     0.82     10.28    173.07   -417.30  -80.85   -261.48  0.00     0.00     0.00     -21.95   0.00     0.00     0.81     -607.70 
282      0.68     0.82     10.38    181.32   -414.74  -83.40   -262.50  0.00     0.00     0.00     -19.73   -0.00    0.00     1.29     -597.76 
283      0.71     0.85     10.11    179.41   -412.07  -86.14   -262.67  0.00     0.00     0.00     -21.22   0.00     0.00     0.50     -602.18 
284      0.74     0.88     10.25    156.71   -413.52  -77.43   -259.20  0.00     0.00     0.00     -18.86   0.00     0.00     0.81     -611.49 
285      0.76     0.89     10.33    167.69   -411.17  -79.07   -265.41  0.00     0.00     0.00     -21.08   0.00     0.00     1.09     -607.95 
286      0.75     0.89     10.43    165.55   -407.77  -80.08   -262.78  0.00     0.00     0.00     -20.13   0.00     0.00     1.06     -604.16 
287      0.78     0.91     10.23    182.43   -409.32  -81.91   -266.50  0.00     0.00     0.00     -20.08   0.00     0.00     0.99     -594.40 
288      0.81     0.93     10.13    193.33   -408.41  -86.06   -262.53  0.00     0.00     0.00     -21.54   0.00     0.00     0.47     -584.74 
289      0.81     0.92     10.18    163.52   -404.26  -84.52   -261.63  0.00     0.00     0.00     -20.98   -0.00    0.00     0.91     -606.96 
290      0.73     0.88     10.20    155.15   -411.47  -84.09   -257.39  0.00     0.00     0.00     -20.61   -0.00    0.00     0.85     -617.55 
291      0.71     0.86     10.35    170.17   -417.15  -81.30   -261.27  0.00     0.00     0.00     -19.28   0.00     0.00     0.66     -608.17 
292      0.68     0.83     10.62    156.80   -413.72  -87.13   -257.51  0.00     0.00     0.00     -21.57   0.00     0.00     1.39     -621.74 
293      0.64     0.80     10.82    158.84   -414.19  -76.19   -258.57  0.00     0.00     0.00     -21.32   0.00     0.00     1.41     -610.02 
294      0.68     0.82     10.60    162.57   -408.97  -77.91   -261.22  0.00     0.00     0.00     -20.35   0.00     0.00     1.23     -604.64 
295      0.72     0.87     10.47    165.49   -407.29  -83.30   -263.98  0.00     0.00     0.00     -17.02   0.00     0.00     1.25     -604.86 
296      0.71     0.86     10.43    159.33   -414.57  -82.39   -261.33  0.00     0.00     0.00     -20.74   0.00     0.00     0.92     -618.79 
297      0.67     0.83     10.46    139.64   -411.29  -79.87   -257.79  0.00     0.00     0.00     -19.21   0.00     0.00     1.17     -627.35 
298      0.68     0.85     10.37    153.64   -408.48  -87.96   -254.92  0.00     0.00     0.00     -20.11   -0.00    0.00     0.80     -617.02 
299      0.66     0.81     10.69    151.72   -412.58  -84.27   -258.50  0.00     0.00     0.00     -19.08   0.00     0.00     1.47     -621.24 
300      0.65     0.81     10.81    163.27   -417.78  -79.83   -260.33  0.00     0.00     0.00     -20.54   -0.00    0.00     1.26     -613.95 
301      0.67     0.82     10.78    157.11   -421.85  -82.30   -258.39  0.00     0.00     0.00     -19.55   0.00     0.00     1.20     -623.78 
302      0.68     0.83     10.78    146.23   -407.68  -80.43   -262.99  0.00     0.00     0.00     -21.05   0.00     0.00     1.63     -624.30 
303      0.70     0.85     10.66    159.20   -419.55  -84.54   -262.68  0.00     0.00     0.00     -21.00   0.00     0.00     1.25     -627.32 
304      0.69     0.85     10.41    145.24   -421.29  -85.33   -262.60  0.00     0.00     0.00     -22.50   -0.00    0.00     1.02     -645.46 
305      0.76     0.89     10.31    156.03   -413.60  -88.39   -261.46  0.00     0.00     0.00     -20.28   0.00     0.00     1.19     -626.51 
306      0.76     0.89     10.39    143.63   -415.41  -88.39   -260.87  0.00     0.00     0.00     -21.08   0.00     0.00     1.35     -640.77 
307      0.73     0.87     10.37    151.38   -418.05  -81.43   -258.58  0.00     0.00     0.00     -20.72   0.00     0.00     1.14     -626.26 
308      0.69     0.84     10.36    164.77   -409.55  -86.67   -261.11  0.00     0.00     0.00     -22.20   0.00     0.00     0.85     -613.92 
309      0.63     0.80     10.38    130.73   -415.68  -86.78   -257.90  0.00     0.00     0.00     -21.83   -0.00    0.00     1.47     -649.99 
310      0.65     0.81     10.36    135.46   -411.74  -90.09   -258.45  0.00     0.00     0.00     -20.14   -0.00    0.00     1.40     -643.57 
311      0.66     0.83     10.18    133.62   -415.67  -89.47   -256.53  0.00     0.00     0.00     -22.28   -0.00    0.00     1.18     -649.15 
312      0.69     0.85     10.10    134.32   -412.22  -95.26   -259.10  0.00     0.00     0.00     -19.18   -0.00    0.00     0.82     -650.62 
313      0.70     0.86     10.28    155.32   -413.68  -94.42   -256.09  0.00     0.00     0.00     -18.41   0.00     0.00     1.13     -626.16 
314      0.72     0.86     10.26    153.64   -415.07  -87.91   -259.51  0.00     0.00     0.00     -20.35   0.00     0.00     1.27     -627.92 
315      0.70     0.85     10.23    141.91   -416.15  -95.61   -259.21  0.00     0.00     0.00     -21.26   0.00     0.00     0.96     -649.35 
316      0.70     0.85     10.24    146.39   -418.14  -92.65   -258.39  0.00     0.00     0.00     -20.31   0.00     0.00     1.26     -641.84 
317      0.71     0.85     10.19    144.08   -412.88  -86.28   -266.07  0.00     0.00     0.00     -21.46   0.00     0.00     0.98     -641.63 
318      0.69     0.84     10.17    150.31   -410.80  -95.28   -257.45  0.00     0.00     0.00     -19.72   0.00     0.00     1.26     -631.68 
319      0.67     0.83     10.20    139.03   -411.22  -92.14   -255.55  0.00     0.00     0.00     -19.92   0.00     0.00     1.22     -638.58 
320      0.69     0.85     9.94     147.83   -414.31  -96.75   -260.30  0.00     0.00     0.00     -21.67   -0.00    0.00     1.15     -644.05 
321      0.69     0.85     10.13    131.60   -420.22  -93.76   -255.01  0.00     0.00     0.00     -17.79   -0.00    0.00     0.85     -654.34 
322      0.71     0.86     9.96     147.81   -411.56  -93.76   -260.58  0.00     0.00     0.00     -21.88   0.00     0.00     1.03     -638.94 
323      0.67     0.84     10.09    136.88   -417.88  -102.01  -251.90  0.00     0.00     0.00     -20.53   0.00     0.00     0.99     -654.45 
324      0.67     0.84     9.99     134.60   -421.06  -90.63   -255.16  0.00     0.00     0.00     -21.59   0.00     0.00     1.30     -652.53 
325      0.72     0.87     9.98     141.49   -413.20  -94.46   -266.90  0.00     0.00     0.00     -22.98   0.00     0.00     1.08     -654.97 
326      0.71     0.87     10.05    121.46   -412.41  -92.76   -256.11  0.00     0.00     0.00     -21.00   0.00     0.00     1.03     -659.79 
327      0.72     0.87     10.07    139.75   -415.30  -90.05   -262.61  0.00     0.00     0.00     -20.56   0.00     0.00     0.98     -647.79 
328      0.72     0.87     10.16    129.61   -414.72  -90.39   -261.71  0.00     0.00     0.00     -20.32   -0.00    0.00     0.91     -656.62 
329      0.70     0.85     10.05    132.16   -420.81  -98.07   -260.91  0.00     0.00     0.00     -20.80   0.00     0.00     1.23     -667.19 
330      0.69     0.85     9.94     127.03   -414.32  -94.18   -259.83  0.00     0.00     0.00     -22.95   0.00     0.00     1.05     -663.20 
331      0.70     0.85     10.06    137.07   -412.51  -94.82   -260.24  0.00     0.00     0.00     -21.39   0.00     0.00     1.10     -650.80 
332      0.70     0.85     10.00    128.21   -416.92  -100.93  -263.12  0.00     0.00     0.00     -19.67   0.00     0.00     1.12     -671.31 
333      0.68     0.85     10.05    125.18   -414.63  -100.49  -259.82  0.00     0.00     0.00     -20.35   0.00     0.00     1.03     -669.08 
334      0.67     0.84     10.10    133.57   -411.32  -97.56   -260.96  0.00     0.00     0.00     -21.28   0.00     0.00     0.74     -656.80 
335      0.70     0.86     10.09    133.36   -411.52  -94.84   -260.51  0.00     0.00     0.00     -19.76   0.00     0.00     0.99     -652.29 
336      0.72     0.87     10.09    126.30   -411.42  -93.97   -261.15  0.00     0.00     0.00     -20.06   0.00     0.00     0.83     -659.46 
337      0.72     0.87     10.15    129.31   -417.06  -97.28   -261.26  0.00     0.00     0.00     -19.89   0.00     0.00     1.16     -665.02 
338      0.73     0.88     10.16    126.84   -421.23  -97.91   -264.05  0.00     0.00     0.00     -21.49   0.00     0.00     1.10     -676.74 
339      0.74     0.88     10.20    125.06   -419.93  -93.87   -264.61  0.00     0.00     0.00     -20.25   0.00     0.00     1.05     -672.55 
340      0.72     0.87     10.18    125.67   -416.41  -96.55   -259.56  0.00     0.00     0.00     -20.96   -0.00    0.00     1.16     -666.66 
341      0.72     0.86     10.03    121.81   -416.92  -93.66   -263.93  0.00     0.00     0.00     -22.29   -0.00    0.00     1.09     -673.89 
342      0.72     0.86     10.13    129.52   -410.47  -92.15   -260.34  0.00     0.00     0.00     -21.11   -0.00    0.00     1.27     -653.28 
343      0.68     0.84     10.10    142.23   -413.59  -96.44   -262.26  0.00     0.00     0.00     -19.74   -0.00    0.00     1.06     -648.73 
344      0.67     0.83     10.01    134.07   -416.46  -97.85   -257.96  0.00     0.00     0.00     -20.99   -0.00    0.00     1.20     -657.99 
345      0.68     0.83     10.08    120.06   -414.67  -93.16   -262.10  0.00     0.00     0.00     -20.59   0.00     0.00     1.15     -669.31 
346      0.68     0.84     10.18    123.53   -418.02  -90.72   -259.55  0.00     0.00     0.00     -20.32   -0.00    0.00     0.94     -664.13 
347      0.67     0.83     10.16    125.77   -424.51  -95.11   -257.05  0.00     0.00     0.00     -19.76   -0.00    0.00     1.11     -669.54 
348      0.70     0.85     10.01    121.91   -420.14  -95.66   -259.80  0.00     0.00     0.00     -21.71   0.00     0.00     0.96     -674.43 
349      0.71     0.86     9.97     115.33   -422.78  -94.34   -262.83  0.00     0.00     0.00     -23.20   0.00     0.00     1.11     -686.72 
350      0.73     0.87     9.98     126.87   -417.33  -88.98   -260.68  0.00     0.00     0.00     -20.74   0.00     0.00     1.20     -659.66 
351      0.72     0.86     9.95     123.98   -416.21  -94.47   -265.24  0.00     0.00     0.00     -22.03   0.00     0.00     1.38     -672.58 
352      0.69     0.85     10.21    122.49   -409.73  -94.37   -257.38  0.00     0.00     0.00     -20.39   0.00     0.00     1.26     -658.11 
353      0.72     0.87     10.15    140.41   -425.23  -95.74   -264.76  0.00     0.00     0.00     -22.58   0.00     0.00     1.04     -666.85 
354      0.73     0.88     9.99     132.93   -423.39  -97.94   -258.92  0.00     0.00     0.00     -20.01   0.00     0.00     1.40     -665.94 
355      0.74     0.87     9.83     130.80   -421.84  -97.19   -267.60  0.00     0.00     0.00     -21.51   0.00     0.00     1.26     -676.09 
356      0.70     0.86     10.10    128.37   -416.79  -95.88   -260.39  0.00     0.00     0.00     -20.64   -0.00    0.00     0.96     -664.38 
357      0.71     0.86     10.07    117.78   -421.61  -97.26   -263.41  0.00     0.00     0.00     -22.88   0.00     0.00     1.21     -686.18 
358      0.74     0.88     10.03    118.72   -417.85  -99.44   -265.89  0.00     0.00     0.00     -21.44   0.00     0.00     1.33     -684.57 
359      0.73     0.88     9.96     112.58   -417.31  -100.30  -264.82  0.00     0.00     0.00     -18.15   0.00     0.00     1.39     -686.61 
360      0.69     0.85     10.04    123.64   -418.84  -91.76   -266.55  0.00     0.00     0.00     -23.30   -0.00    0.00     1.29     -675.51 
361      0.68     0.84     10.08    114.27   -422.22  -91.94   -266.38  0.00     0.00     0.00     -21.64   0.00     0.00     1.57     -686.35 
362      0.72     0.86     10.01    112.64   -420.20  -93.32   -265.98  0.00     0.00     0.00     -21.90   0.00     0.00     1.18     -687.57 
363      0.76     0.88     9.87     117.37   -415.60  -98.21   -268.86  0.00     0.00     0.00     -21.99   0.00     0.00     1.13     -686.17 
364      0.75     0.88     9.90     117.48   -423.25  -97.16   -265.91  0.00     0.00     0.00     -22.19   0.00     0.00     1.16     -689.87 
365      0.71     0.87     10.00    111.38   -422.96  -96.63   -259.90  0.00     0.00     0.00     -21.71   -0.00    0.00     1.03     -688.79 
366      0.69     0.85     10.08    122.68   -422.09  -89.71   -269.37  0.00     0.00     0.00     -21.19   0.00     0.00     0.98     -678.70 
367      0.71     0.86     10.02    119.18   -416.58  -96.98   -266.69  0.00     0.00     0.00     -21.26   -0.00    0.00     0.89     -681.44 
368      0.70     0.86     10.07    107.30   -417.69  -99.52   -264.74  0.00     0.00     0.00     -18.60   0.00     0.00     0.98     -692.26 
369      0.73     0.88     10.11    108.48   -413.95  -94.04   -265.09  0.00     0.00     0.00     -20.75   0.00     0.00     1.06     -684.29 
370      0.71     0.87     10.10    111.53   -423.74  -97.00   -263.39  0.00     0.00     0.00     -21.80   -0.00    0.00     0.97     -693.42 
371      0.70     0.86     10.01    97.42    -420.51  -99.88   -262.89  0.00     0.00     0.00     -21.96   -0.00    0.00     0.84     -706.98 
372      0.69     0.85     10.06    105.22   -423.08  -98.92   -265.79  0.00     0.00     0.00     -21.59   0.00     0.00     1.14     -703.03 
373      0.71     0.86     10.05    105.94   -424.20  -95.24   -267.31  0.00     0.00     0.00     -21.55   0.00     0.00     1.16     -701.19 
374      0.72     0.87     10.15    102.81   -422.94  -98.48   -266.34  0.00     0.00     0.00     -20.25   0.00     0.00     1.30     -703.90 
375      0.73     0.87     10.11    108.82   -422.31  -99.79   -263.78  0.00     0.00     0.00     -20.85   0.00     0.00     1.09     -696.82 
376      0.75     0.88     10.10    106.86   -416.02  -99.95   -264.37  0.00     0.00     0.00     -20.43   0.00     0.00     0.99     -692.93 
377      0.73     0.87     9.98     112.60   -424.82  -101.06  -265.11  0.00     0.00     0.00     -21.90   -0.00    0.00     0.99     -699.30 
378      0.71     0.86     9.89     117.45   -423.36  -101.00  -265.59  0.00     0.00     0.00     -19.96   0.00     0.00     1.11     -691.35 
379      0.74     0.87     9.98     98.28    -420.61  -99.87   -268.83  0.00     0.00     0.00     -21.59   0.00     0.00     1.24     -711.38 
380      0.73     0.87     10.14    106.28   -424.28  -102.00  -262.95  0.00     0.00     0.00     -21.06   -0.00    0.00     1.04     -702.97 
381      0.74     0.87     10.08    99.95    -422.89  -101.94  -268.45  0.00     0.00     0.00     -20.49   0.00     0.00     1.17     -712.65 
382      0.70     0.85     9.96     94.85    -421.04  -99.28   -264.45  0.00     0.00     0.00     -22.44   0.00     0.00     1.23     -711.13 
383      0.73     0.86     10.12    94.57    -424.35  -97.82   -263.37  0.00     0.00     0.00     -20.48   0.00     0.00     0.92     -710.53 
384      0.71     0.85     10.11    100.49   -419.46  -99.19   -265.30  0.00     0.00     0.00     -21.27   -0.00    0.00     1.15     -703.57 
385      0.74     0.87     10.18    104.48   -415.50  -96.26   -267.64  0.00     0.00     0.00     -21.48   0.00     0.00     1.04     -695.36 
386      0.77     0.89     9.98     105.44   -421.43  -97.89   -266.64  0.00     0.00     0.00     -21.41   0.00     0.00     1.22     -700.72 
387      0.76     0.88     10.11    93.27    -417.13  -99.47   -265.48  0.00     0.00     0.00     -21.36   0.00     0.00     1.09     -709.09 
388      0.72     0.86     10.09    99.82    -424.12  -100.19  -262.71  0.00     0.00     0.00     -22.25   0.00     0.00     1.31     -708.14 
389      0.73     0.86     9.95     88.33    -419.47  -99.98   -268.60  0.00     0.00     0.00     -20.91   0.00     0.00     1.36     -719.29 
390      0.73     0.86     9.86     102.65   -421.60  -101.41  -267.68  0.00     0.00     0.00     -22.84   -0.00    0.00     1.51     -709.37 
391      0.74     0.87     10.04    93.36    -419.32  -99.59   -267.87  0.00     0.00     0.00     -22.48   0.00     0.00     1.22     -714.68 
392      0.72     0.85     10.06    94.79    -424.62  -99.88   -263.24  0.00     0.00     0.00     -22.98   0.00     0.00     1.12     -714.80 
393      0.73     0.86     10.06    94.84    -423.14  -97.08   -268.38  0.00     0.00     0.00     -22.87   0.00     0.00     0.99     -715.63 
394      0.75     0.87     10.02    101.19   -422.50  -97.51   -263.07  0.00     0.00     0.00     -23.08   0.00     0.00     1.37     -703.61 
395      0.73     0.86     9.99     98.48    -420.53  -98.77   -267.46  0.00     0.00     0.00     -23.28   0.00     0.00     1.17     -710.39 
396      0.72     0.85     10.00    95.37    -423.97  -96.52   -269.57  0.00     0.00     0.00     -20.11   0.00     0.00     1.23     -713.58 
397      0.73     0.87     10.04    105.37   -425.63  -98.19   -262.49  0.00     0.00     0.00     -20.80   0.00     0.00     1.05     -700.69 
398      0.72     0.86     10.09    98.14    -425.83  -95.24   -266.22  0.00     0.00     0.00     -23.51   0.00     0.00     1.26     -711.40 
399      0.71     0.86     10.07    91.75    -425.78  -94.63   -266.95  0.00     0.00     0.00     -22.66   0.00     0.00     1.32     -716.94 
400      0.71     0.85     10.16    90.52    -426.92  -95.67   -263.86  0.00     0.00     0.00     -22.10   -0.00    0.00     1.22     -716.81 
401      0.70     0.84     10.10    90.89    -423.35  -96.72   -262.34  0.00     0.00     0.00     -22.28   0.00     0.00     0.99     -712.81 
