2.597617271368620777e+02,-5.479912485565400004e+00
2.381218263458046920e+02,3.679945689126670771e+01
-8.692254602086588022e+01,2.591175372823268219e+01
-8.849407125701679888e+01,2.630135000202766804e+01
7.394678675550352409e+01,-3.210286574442591245e+01
1.639033882134265241e+02,-2.187579336942843611e+01
-8.502812988813425932e+01,-8.672752176689749959e+00
1.204501327277940987e+02,8.063908350529084501e+00
-8.159549134429400397e+01,-4.525896044239221538e+01
-1.745095262728392216e-01,4.583564999431045095e+01
-8.778929180662807141e+01,1.991990826887363397e+01
6.754548086950298114e+01,-6.934672541521406686e+01
-8.423422315691944107e+01,-1.369128092558232446e+01
-8.154856354346993896e+01,-5.029640598483138803e+01
2.770825116277341067e+02,1.271899184274402073e+00
-8.596303686541675404e+01,-2.266641948194125789e+00
5.181633240594656087e+01,-1.342765383721272165e+01
3.848042534318636854e+02,-1.679910388932432852e+01
7.275414945679951018e+01,2.989432001085327784e+01
8.065524419273734225e+01,8.828822337990231972e+00
4.789506955522774234e+01,1.297344859066920897e+01
-8.650303127957015192e+01,-1.388276910344906412e+00
7.418024217788035912e+01,9.207099279982450923e+00
1.961703669490509938e+01,6.202658856142652333e+00
-7.838388593168971852e+01,-8.499760845531812947e+01
-1.981617306267032319e+01,1.958637131818816357e+01
-8.477035186052667370e+01,-1.410134300071994140e+01
2.468121216730440324e+02,-7.612551521105767049e-01
-8.398226901812898859e+01,-2.268936192591698742e+01
-8.602815325038000083e+01,2.062082539148186910e+01
-8.617216517411964105e+01,-3.122741036054312413e+00
6.215343529377915566e+00,4.020808211859394277e+01
1.562746682362833610e+02,7.498932018683375667e+00
-8.063156732030519436e+01,-5.668349866092309242e+01
-8.103488631542253984e+01,-5.454595143450601569e+01
4.352136344024993519e+01,1.979807062406316831e+01
-1.365100788345529992e+01,5.211793393689797682e+01
-6.125583829760411447e+01,-1.317465781191767427e+01
-8.369109436121320300e+01,-2.255689211497585234e+01
-8.724960035209873865e+01,2.608969451330272449e+01
-8.923377245166467731e+01,3.223007219166616011e+01
-8.817369108183171988e+01,2.422591705818479468e+01
-8.659155168669768443e+01,2.730925751880000263e+01
-8.482848259578908312e+01,-9.884332473653898443e-01
2.649783911845697304e+01,4.376227045213706646e+01
-8.901277703270081076e+01,4.654676120659641470e+01
1.284171862549279695e+02,-5.781823575144377969e+01
1.996424533194592854e+01,1.752839756223459000e+00
-8.098887217580410436e+01,-5.468725540903588467e+01
-8.651971401809782947e+01,1.726139516345053804e-01
-1.686891277061853955e+01,1.832511812497988402e+01
-8.668523443400442829e+01,2.340160535728447755e+01
-8.614586586901538112e+01,3.489360193897327544e+00
3.857606081612976112e+01,-2.471676469844303980e+01
3.959383634228348114e+02,2.075510651782797922e+01
-8.832177082058743167e+01,2.287504824093773337e+01
-1.659835882522198602e+01,3.347955215658965500e+01
6.196186146244700765e+00,-1.668552665688661563e+01
-8.563726267216333099e+01,1.753670526983342626e+01
1.905543315947417966e+02,-1.462900436893312595e+01
1.862338589186146010e+01,1.762268173197307064e+01
1.209050715436810606e+02,2.782427009169177179e+00
-8.435572348460601688e+01,2.338141110128734435e-01
4.561361799858487416e+02,1.090754491763621736e+01
-8.425492811556470940e+01,-4.905009145644438906e-01
-8.622949308969262461e+01,1.368240617807664172e+01
-8.770502412278180770e+01,2.778509218227647892e+01
-5.483142411104491032e+01,2.780464106185546314e+01
1.983740026704098511e+02,-4.506912961589818423e+01
1.903932565703400925e+01,-3.398741143073197435e+01
-3.265327213292415109e+01,1.941243921121834859e+01
4.407898198698331216e-01,2.841191941089478235e+01
-8.481935535496835143e+01,-1.142741941089734858e+01
-8.675286018640001373e+01,6.616768957600783096e+00
-8.717392464204851876e+01,1.339365694323661593e+01
-8.413881005539377611e+01,4.816733745976160996e+00
5.710830190065656353e+01,-1.368834731823540274e+01
9.539723863417613359e+01,2.002991447080582432e+01
-7.808634687129520557e+01,-8.490790320251709034e+01
-9.411273503698501486e+01,1.091305240759289887e+02
-8.109225150655981906e+01,-5.122461260616421441e+01
-8.799962843614758867e+01,2.002966390884546044e+01
8.893992477284962561e+00,1.931151361455748017e+01
-8.370816096072651646e+01,-2.311699936748270900e+01
-8.976386054042866647e+01,3.939829434487653259e+01
3.851942825361640388e+01,-6.991558542411910437e+00
-8.277182227118900926e+01,-3.186875390036055578e+01
3.036488532538829190e+02,-8.010848545524698494e+00
6.417101684529752958e+01,-8.949543378114432457e+00
1.141752107238955816e+01,6.481489952130229604e+00
9.730142743206974387e+01,2.530142465947967167e+01
-7.681711175159344407e+01,-8.015247628339022867e+01
-8.625652014775511134e+01,1.797764008422413795e+01
-8.410380559440572767e+01,-2.145760362128570264e+01
-8.670578150351690283e+01,5.603723354023222747e+00
2.737064427867352734e+01,-1.440459108947809774e+01
-8.123290904868738949e+01,-5.296111280340160476e+01
3.611229655539522554e+01,-6.688734395625980378e-01
-5.144538537683819612e+01,-3.977249169322610811e+01
6.935482731561903336e+01,2.023833772180621082e+01
-6.919355258030795142e+01,3.333913340474623510e+01
-8.584660571182922695e+01,-4.676074373607679746e+00
-8.693410108429931427e+01,8.128705914112396513e+00
4.885704361837591847e+01,1.906743985639313266e+01
1.369211236472756354e+02,8.391608406812949283e+00
-8.823270301886834943e+01,3.730790431440777866e+01
-9.368942159978905337e+00,1.154428100908164367e+01
-2.154699339334393926e+01,-1.685086109313330471e+00
-8.002613316100296004e+01,-4.016336650092305405e+01
-8.425504362014342519e+01,1.110919107817418539e+00
2.422131004874287328e+02,-2.069629775329983268e+00
-8.332505968638768934e+01,-1.169709118037222417e+01
8.050363330263117234e+01,7.397244305519101282e+00
-8.127085014737252777e+01,-3.260892490258001430e+01
-8.623145441078344220e+01,4.174188120420052606e+00
-8.122219570047184334e+01,-5.445887106870348049e+01
-8.028309346758439347e+01,-5.839686122433843707e+01
-3.229706014584288454e+01,2.658225927223605822e+01
-8.803871533554024609e+01,2.226754663868162609e+01
2.266731953633317858e+02,-3.109399185535246968e+00
-9.439933240108557300e+01,1.071967674290094976e+02
9.697644332191200078e+01,-9.463660196896752197e+00
2.742609282251747160e+01,1.935048155537134162e+00
6.318199595274340652e+01,-4.072565490314539005e+01
7.307531245712098666e+01,3.565341294330193023e+01
8.634546903500556425e+01,-2.725350454235700681e+01
-7.955275096204304930e+01,-6.886576347978983392e+01
-8.492852957518741164e+01,6.635904772177235067e+00
-8.529373990668557326e+01,-6.174370695863864000e+00
-8.636156803625542011e+01,2.694219847394667688e+00
-4.660796855666363037e+00,1.623778536006661710e+01
-9.446486141280085747e+01,1.116511798320475748e+02
5.750988079158258870e+01,-1.072008563855254870e+01
1.342884627969324507e+00,3.049000586438511817e+01
-8.531293972161580541e+01,4.731140028382360363e+00
7.764898124586240158e+01,-1.140322594991462068e+01
8.732946069807516665e+01,-3.780492644135173919e+01
-8.420602752769701738e+01,-1.875638863400709866e+01
-6.750243365897425463e+01,1.591194432392290636e+01
-8.399193782105123773e+01,2.433605981564792131e+00
-8.102271246387876147e+01,-5.818838911051225438e+01
2.842303483475028969e+01,2.859246412297608941e+01
-8.427721644900474018e+01,-1.965593253643741889e+01
-8.464443233219213880e+01,3.634858499244448815e+00
-8.739499056964736212e+01,2.213208118938739588e+01
-8.370159486758306855e+01,-2.295983113957299082e+01
-8.456790495610738390e+01,-1.461371324669043936e+01
3.954962139838401640e+02,1.007333060766800337e+01
5.250311751614882638e+01,2.951847995033506322e+01
-8.101030157335749493e+01,-3.300623668875053340e+01
2.596048940554956275e+01,2.085232402588682632e+01
-8.244631670521181377e+01,-1.549027868641013406e+01
3.743788004085488552e+01,-3.048057493240742488e+00
-2.972127371339649571e+01,3.549279202412535739e+01
-5.323431967001905463e+00,2.022608082362190984e+01
2.018587246983400405e+02,-1.203454742340036709e+01
-7.861792410814551602e+01,-7.831664669026494607e+01
-8.610935630869109048e+01,1.003356953899058546e+00
-2.705012074649024267e+00,2.873581849140508737e+01
-8.589845021209033860e+01,1.454514571345467644e+01
-8.894173670001710263e+01,2.988077379908458298e+01
-8.936529139128673194e+01,3.611123577036749310e+01
-3.240429364199745255e+00,1.388736677227201710e+01
-8.448071304896457434e+01,-7.441420502765152101e+00
1.771335366543759733e+02,3.805474088894923312e+01
2.414737727118998123e+01,-3.947095567423043860e+01
-8.231253648791660282e+01,-2.483244822124286699e+01
-8.304653924172039581e+01,-3.367598040267439075e+01
6.636792400524558388e+02,-1.435025122477336090e+01
-8.538307755361338991e+01,8.673206730041279622e-01
-2.823072624946177722e+00,2.095226286543009664e+01
3.521187768774215243e+01,8.471923244474941939e+00
-3.876620264810002681e+01,3.357166096619886275e+01
-8.399684689526235104e+01,-2.056529057514388370e+01
3.576523576915787999e+02,-3.665043952047448261e+00
-8.907750122277244031e+01,4.442161597057553024e+01
-7.940752434411584204e+01,-4.378711172517292738e+01
-8.889389864656511975e+01,3.049434012927466853e+01
-8.583821532882666361e+01,-3.639720652489186747e+00
-8.743233225871207992e+01,2.576204974263291092e+01
5.972480807336836506e+02,7.940952301644978562e+00
-3.593511235706098006e+01,1.829344684880148009e+01
-8.516929212514702385e+01,1.439057467512103017e+01
-8.499268262833840026e+01,-8.257891022456984587e+00
-8.660027536488922806e+01,7.059777342018727531e+00
2.100027280569420896e+02,-7.606954985978517492e+00
-8.502191592989390756e+01,-8.456316809045645755e+00
-8.036487564152466234e+01,-5.949692478451733280e+01
-8.485363262890599856e+01,-1.236768824235518416e+01
-1.506731971246755286e+01,1.939378064719329586e+01
-4.267526347986760982e+01,1.782748741604855880e+01
-8.402172901038599662e+01,-2.936069050699961025e+01
-8.654605210564506024e+01,2.043012382321678366e+00
-5.009294154487470507e+01,1.882497957071137407e+01
-8.478708668176662400e+01,-3.316726459864722393e-02
-8.512063367266476632e+01,1.404193845718378597e+01
-8.881766669199963360e+01,2.893321710812481484e+01
-8.682247934934289901e+01,9.520888002566913144e+00
-8.894336731532885665e+01,5.183794604275746565e+01
-8.540850407101058295e+01,8.401796752900702714e+00
2.583378883103598156e+01,-9.496032968637775351e-01
-1.108404396073846110e+00,1.046007441298083940e+01
1.973909642480348836e+01,1.797539756522130716e+01
-7.465089834146782266e+01,4.694635083311770529e+01
-8.575982277901853479e+01,-2.395772807918520542e+00
1.289250355909246082e+02,2.996764621107280391e+01
3.122052709890770075e+02,-3.394005157796129879e+01
-1.278537178102337890e+01,2.198058771689074931e+01
8.429313596243784446e+01,-6.224086889599640848e+00
-8.291502789542528262e+01,-3.256690169807622937e+01
-8.208280932126527318e+01,-2.898071747562976341e+01
-8.458134587775192870e+01,-3.636868969148451480e+00
-8.591000693202467176e+01,-2.057755944440247120e+00
6.326888529065750788e+01,-1.083173662097030565e+01
-8.638413163433584430e+01,2.245044066601063548e+01
-8.067237288613922885e+01,-5.440192091078947101e+01
-8.618972805754627586e+01,1.877152416749608577e+01
-8.443666370537189891e+01,-1.579301420002911982e+01
-8.628637800891691256e+01,-8.554354631213046956e-01
2.728873053558649175e+01,-7.889251296229154775e+00
4.143324060630944814e+02,-2.458449470118819846e+01
-8.215145370386044021e+01,-1.245704753405440357e+01
-1.745768845570358607e+01,3.698476775361486801e+01
1.853806979302720208e+02,6.563392785911728033e+00
-3.206532370275024846e+01,4.307182500670634795e+01
-8.821315074944128298e+01,2.418405693962807135e+01
1.032285951245682298e+02,3.202851489323766287e+01
3.929403374101734698e+02,-1.664907358769776380e+01
-7.970576920508263186e+01,-6.700795770551374630e+01
-8.369930716706797114e+01,-1.203900713739582962e+00
-8.805075436365237351e+01,2.270962037777892206e+01
-8.644902061062089160e+01,3.503698933021595963e+00
6.417389219701274783e+01,-2.252147587625542613e+01
-8.608987058587096897e+01,1.665194916286252180e+01
1.893101229263513403e+02,-1.352762122838533543e+01
-7.104777170971657085e+01,2.869087477914366957e+01
-8.017367904383233679e+01,-6.179101928731825666e+01
-8.152072510485388079e+01,-2.174534982576390618e+01
3.289476247580043946e+02,2.160891192009026796e+01
-8.178243837975161057e+01,-4.864650331728635280e+01
-8.671876001552573143e+01,2.811850984897617423e+01
-8.348417264818118610e+01,-8.644416972761030493e+00
-1.094074887026142484e+01,3.014490464781452062e+01
-3.772307384836169319e+01,3.503156464766172462e+01
1.283773028298915335e+02,-2.042977578687865403e+01
-8.502731244954374290e+01,1.000521380505630376e+01
-8.354977114998455079e+01,5.621927269219141543e+00
3.357636270490405650e+01,1.843679886199226203e+01
-8.503233960246839729e+01,-1.246652953713968515e+01
1.962150941796829215e+02,-5.722988954707086862e+01
9.303490329363067701e+01,2.412732335208403711e+01
-8.422698647595483123e+01,-1.755932028077100426e+01
-7.661240302876710473e+01,-8.068271692970365905e+01
-8.559416135732348607e+01,-4.907359694561272967e+00
-6.432265807208129615e+01,2.689733789254163554e+01
-2.250354262384584914e+01,1.421517073481908611e+01
8.314235752684618319e+01,-2.168122366197485817e+01
-8.439705732965524021e+01,5.691664440459818231e-01
-8.671581616602945530e+01,4.317890418646146422e+00
-8.651165015871329445e+01,2.244414043255235924e+01
-5.072205534984213671e+01,1.816669132109774409e+01
-8.637823959263711515e+01,1.204885705171541366e+00
7.567909734704450386e+01,1.369618592008214719e+01
-2.910502242755494606e+01,2.513643125171785542e+01
1.056191958432411298e+02,2.882739089157456291e+01
1.219150902162533896e+02,-2.779995250876722057e+00
1.440296704160268071e+01,1.106113257255676530e+01
2.448302921384558672e+01,7.537182342470347685e+00
2.149309575677941453e+01,-3.825326231365990282e+01
-1.116967061374463199e+01,2.650084570955103302e+01
1.009488024325441557e+02,-4.993956309402072691e+01
-2.276364703947796286e+01,5.091746225157586991e+01
-8.404039115840835450e+01,-2.581811768653631134e+01
4.522471384068555977e+01,-2.456025300882084750e+01
-8.569146703220522454e+01,8.741211538785110591e+00
-7.695357186188969933e+01,-8.079046826086984368e+01
1.903985290114663655e+02,3.147401642445523962e+01
-8.571256048251892423e+01,-5.796989157242348867e+00
-8.509283766919998016e+01,-7.377039928568112970e+00
-8.497819314007125513e+01,6.005664725617284816e+00
-2.452987141332313992e-01,-1.340178214379610111e+01
-3.331325735966013113e+00,2.341739088688111892e+01
7.174619690251374493e+01,6.358634433420006005e+00
9.292865888096656590e+01,2.994242066764671861e+01
2.202753889456365357e+02,-4.073644346262194205e+01
-8.286784253120148946e+01,-1.062555741498824169e+01
-7.780835273798848561e+01,-6.695358804468330050e+01
-8.500981998564384412e+01,-9.833426684255046624e+00
-1.348452167092358422e+01,2.081899779184469068e+01
-8.186045293272648848e+01,-4.912950665019821628e+01
-7.726046272631577949e+01,-7.259401154570491599e+01
-8.161463555083510357e+01,-2.845270293593464928e+01
4.466763922505882789e+01,-4.436534498867682430e+01
1.452828348666059277e+01,1.500580546604770760e+01
-7.742586658646504816e+01,-6.368289015563617284e+01
5.128687719836658516e+02,3.947205196145402084e+01
4.417115701493987245e+01,1.790529686003645082e+01
6.021345435193556739e+01,4.812779458635636942e+00
-8.458356701719054627e+01,2.338004273053968074e+00
1.518036912315246809e+02,-3.826017507948556329e+01
-4.923155518768231076e+01,2.193731061881631561e+01
1.115384032693668956e+02,-2.395921776609276321e+01
-3.249350071337035217e+01,2.610502254275642287e+01
2.987691483768370304e+01,1.684522083849362062e+01
2.401204863738354049e+02,6.213191347961606326e+00
-8.638985172870910390e+01,3.483149390392805245e+00
1.106384858341526609e+02,7.683076821483589391e+00
-2.638897775626624753e+00,2.308623834716613388e+01
-2.151215469467291896e+01,3.644560448860416813e+01
2.142254996337072157e+02,-3.946202537269267907e+01
-7.528901275870943266e+01,-8.315762786592742373e+01
-8.685080738665475053e+01,8.315149340028739289e+00
-8.800899157786393801e+01,3.660722205795320150e+01
-3.072086437657810265e+01,1.849756044640666275e+01
-4.810652856430829161e+01,3.489102885513463548e+01
-6.183853646486718247e+01,-6.371191328249260266e+01
1.358939866306512556e+02,1.168353158458516283e+01
-8.477030245016155163e+01,-1.340706480523002142e+01
-8.268478844233014513e+01,-3.999823575522542285e+01
-9.050746503630568895e+01,4.521001711047222216e+01
4.916364266413744133e+00,1.896910613069918838e+01
5.614285985647559585e+01,1.405263328283204416e+01
-3.819045159499945186e+01,1.184114094776974291e+01
-8.580654836368347560e+01,1.154074960541137251e+01
2.975678369882535179e+01,2.099621758359485924e+01
8.580892218322462384e+01,1.394034471705312361e+00
-8.311651273891081360e+01,-3.183525033679892147e+01
-7.835482262081648663e+00,2.478520325453358808e+01
-8.330264077491167996e+01,-6.861998384482959068e+00
3.137748357560430179e+01,-3.700445026618820688e+00
4.901224608758829504e+01,-2.161028476579258495e+01
2.493065977976911824e+02,2.081680072334352971e+01
9.870549593922550002e+01,4.558558868473228110e-01
9.070275083366180979e+01,1.720530082582058284e+01
-8.342959829510391501e+01,-3.182940582226193627e+01
-8.554599462600319271e+01,9.381687398541533440e+00
1.400703252696889045e+01,2.643101904305378014e+01
-8.585372863352532136e+01,-6.370991419255407351e+00
1.842909869008770940e+01,3.881140694468015795e+01
7.672154245429852892e+01,-5.260836892542254617e+01
8.195811941162735081e+01,-2.463104810065659844e+00
-8.416030819319057343e+01,-2.433061580769379617e+01
-8.676845356956631861e+01,2.618267699592913900e+01
1.451594321663518539e+00,3.233143014708860896e+00
-8.637512568010886582e+01,2.384677882164633278e+00
-8.366200233783791873e+01,-7.025068809957041971e+00
9.493488573137204867e+01,2.218440515344241959e+01
-8.355230542336700239e+01,-2.335162313561080616e+00
2.493308580608498914e+01,-8.081485937520112017e+00
-8.572779616547286707e+01,-1.653600237674751838e+00
1.451528785177598877e+02,-1.140017592662979595e+01
-1.176433742177757047e+01,3.491761297058911140e+01
-8.692808144778703650e+01,9.136611341970459321e+00
-2.122063608426649139e+01,-2.318550489669304682e+01
8.971424243589952141e+01,-2.403624763329136371e+01
-8.526240894632235268e+01,-1.378971669396506528e+01
2.018318458287361068e+02,-1.004519698001160855e+01
-1.630568530946745653e+01,3.375659440411328660e+01
1.899072855184305695e+02,1.365516053092598270e+01
-8.709606013326623497e+01,1.016574452851457799e+01
-8.844680102247468767e+01,2.425165121592275952e+01
2.062434521777718430e+02,8.678763681795294005e+00
1.210651538871797612e+02,-5.525822655264977357e+01
-7.894645604329552668e+01,-7.580392158617281950e+01
-9.064454748718634391e+01,4.931074146447980411e+01
-2.042418363232092560e+01,5.463440429898915873e+00
-8.699983025342415033e+01,2.806267998691529186e+01
-8.618768708547868584e+01,1.380569524970802320e+00
-8.831796853459862007e+01,4.200154521980222455e+01
-7.668569168130098035e+01,-7.713759363208838238e+01
-2.216533837697026854e+01,3.512285810654801566e+01
1.092608152676317133e+02,2.949459513480137218e+01
2.348164244023112133e+02,-3.730190691539977177e+00
-7.903728055948019460e+01,-4.838010247724781721e+01
1.224298932346274427e+01,3.968814910303458277e+01
-8.778780827927269570e+01,1.278523197364225972e+01
-8.422415320400790506e+01,-1.849763435396707933e+01
7.271643612908469834e+01,-4.250552931520627631e+00
-1.126248622746215311e+01,1.433481643166419239e+01
-8.132486315387627940e+01,-3.016491540944387850e+01
-1.202479109399357959e+01,3.908840829188179811e+01
-8.487219258865803795e+01,2.347531535435421368e+00
-8.539381541642580942e+01,-8.195440554070568595e+00
-4.436954767226221286e+00,-1.128741972701577900e+01
-8.454485059629463706e+01,-1.510683450777543513e-01
-8.079473909935360965e+00,-6.911402801147227493e+00
-8.997126350837089603e+01,4.148864179761368831e+01
-4.326577615878711214e+01,4.327869565430652443e+01
9.547207184391460544e+01,2.197171484351111648e+00
-8.343371275328641445e+01,-2.723180286182828880e+01
-6.132536454978821716e+00,-2.612927281151177894e+00
-8.565840677883896603e+01,2.358100940095915732e+01
1.670912485628483637e+02,2.600293909018621008e+00
-8.488868417067969574e+01,-1.065745269617553603e+01
-8.547078125070471799e+01,-5.310837611421607818e+00
2.079157899595300307e+01,1.297076749106384375e+00
-8.925089873256919759e+01,3.458276583672394366e+01
6.527500110191001070e+00,3.350809011188702868e+01
-8.504333170905124462e+01,-1.077462324743567201e+01
-6.285941102022227511e+01,3.356143084960980616e+01
-9.233913854697455292e+00,-1.752358628889568948e+00
1.461740960487796315e+02,1.101631993117278441e+01
-7.893040478128023096e+01,-5.912366727893280682e+01
4.127523980002331783e+00,2.355083782554660488e+01
-3.413166965572959555e+01,3.140065646640427843e+01
-8.407968487791573864e+01,-1.832714873496361818e+01
-8.673877961072884091e+01,3.081071124751288437e+01
-8.432562244096669701e+01,-1.983882504923742829e+01
-8.445911615074382439e+01,-1.565213241433441915e+01
3.967363209852946397e+02,-1.645118843958114851e+01
-7.859177948156386151e+01,-6.030375013484886892e+01
4.025342558108441722e+02,4.307322132373845314e+00
2.018381672010932562e+02,-6.016426330493790431e+01
1.471302612386872610e+01,1.517459184401497474e+01
-8.760947472805717950e+01,1.665493363681803629e+01
-8.640653706084066243e+01,2.144591815068309870e+00
-7.834855375641100750e+01,-8.649504922476215540e+01
-8.520787978289911280e+01,-8.797222764285473673e+00
2.861571986250718282e+02,9.125867696549653019e+00
7.631802624983481564e+02,6.505451516063071038e-02
1.750765905673391671e+02,-2.781958296470665104e+01
-6.800612489936661120e+00,2.049181387955875167e+01
-2.294970246558900229e+01,1.744368472103066736e+01
-8.666201487074155807e+01,1.663828695799908175e+01
3.287514844168573802e+01,2.722184252056063869e+01
-8.410432150120948336e+01,-2.642071855858881335e+01
5.179677662315517495e+01,-5.289047540383320012e+01
-8.377869782075472926e+01,-4.519297044606017444e+00
1.058648340823507965e+02,2.449197445991201505e+01
1.087866913127423807e+01,-1.806072622127685268e+00
1.258119729428841005e+01,3.395557811885241506e+01
-3.564456438408605976e+01,1.806062938255987049e+01
-8.824302629520711605e+01,2.220148572362991501e+01
3.629860319912439337e+01,-2.933910019877794095e+00
-8.633818867847128331e+01,4.550921684911007681e+00
-8.681456109440581770e+01,7.747337052620723696e+00
5.962535633943650026e+01,-2.809869311688230908e+01
-8.154765956400532900e+01,-4.681700436491387052e+01
-8.450459893457433225e+01,-1.880082961658345653e+01
-8.516294878045674466e+01,-9.449144491553743919e+00
7.147398871719748570e+01,2.392709888178982425e+01
-8.675049696723624493e+01,7.288697006270789203e+00
-8.900430655576454342e+01,3.159743437037399261e+01
-7.238007813835250204e+01,1.122638796460784221e+02
1.688226780504190003e+02,4.191454870004579192e+01
2.102947855046082992e+01,7.255947463017478505e+00
-8.821172826913812060e+01,2.334575185118498908e+01
-3.352663054678402688e+01,4.234460866253520095e+01
-7.992198598031670542e+01,-6.323099535407894933e+01
9.050210774472242292e+01,1.254549789111412217e+01
-8.764187177108267690e+01,1.614905137251929901e+01
3.165773508997335739e+02,2.501912211649871765e+01
1.869545816183789455e+01,2.508409958093511705e+01
-8.500336650960767315e+01,-1.010611450475978401e+01
-8.397123378538941552e+01,4.083183396618554006e+00
6.273197079898980633e+01,2.139759564910693257e+01
-8.674047699750893514e+01,6.438418252833003841e+00
2.409106423076875387e+02,-2.818816821087330027e+01
-8.679494996757026115e+01,1.452038084786112115e+01
4.736928067358033445e+01,-1.355468489602314186e+01
1.226670174470024932e+02,4.119112705792497309e+01
2.253319021320997138e+02,-4.538254505194851163e+01
-8.084200276118212969e+01,-5.746127197326627822e+01
-1.845711123730271908e+01,-2.336247090505638369e+01
-8.469299871357877407e+01,-1.743557618397409570e+01
1.038470417452734864e+02,2.324156202416353523e+01
7.286460493585251719e+00,2.328353456155784329e+01
-8.729361579212947220e+01,3.345699490049945979e+01
-8.577592906978618714e+01,1.845660977556967453e+01
-4.325114880565379138e+01,3.030787071454107107e+01
-8.403893236053256999e+01,-2.128566879517653021e+01
1.467679872998849646e+02,-5.452798388077872005e+01
-8.453339863796215070e+01,-2.012362089866349280e+01
9.096780199030438041e+01,3.304812182283299204e+00
-9.079792756567827894e+01,4.966629456382042207e+01
5.091147581964698787e+01,-3.679058844009892226e+01
-8.326838625677200412e+01,-3.056421858134462610e+01
6.106278973520326048e+01,-1.500041561726218831e+01
-3.811965883077911599e+01,2.347972134497424435e+01
1.305741283335087530e+02,8.285387406306732316e+00
-3.859438765092149737e+01,4.160304876641417593e+01
-8.651226438631357496e+01,2.038149444671798260e+00
9.455822777250178035e+01,2.370142214832415206e+01
-8.638682982379518194e+01,5.389913371035435219e+00
4.560351598886137481e+01,-1.240304498108337405e+01
5.285727845781011780e+01,-1.516528998324223210e+01
-8.351539563618709394e+01,-2.962677984584703239e+01
-7.940138848906259739e+01,-4.150454865626384304e+01
1.825927327676135903e+01,-2.495916920941252215e+01
3.764775729002839455e+01,3.844670395659944973e+01
-8.023500836207674070e+01,-4.293759049762173419e+01
4.751262952595978106e+01,-1.395918790734933879e+01
-2.908301908086910359e+01,1.285431627124309450e+01
-8.697511348310804635e+01,6.999939725694774850e+00
9.396155190150609826e+01,-3.903262031170135771e+01
-2.277026109336945581e+01,2.939045946424148070e+01
-8.682353500239574373e+01,9.563247990912078222e+00
-8.496656374393704425e+01,-3.503908101378395479e+00
-5.079443174839477848e+01,3.604278507923422836e+01
1.136854267420362419e+02,-4.113813348324548258e+01
