-7.703398071825909854e-01,-6.077903544326679341e-01
-9.415730391248483544e-01,-6.967850761015834671e-01
-9.593803741210967795e-01,-2.255715725804903482e-01
-2.133118488912529309e-01,2.055070692411978595e+00
6.854614338858686651e+00,-4.124768289232028984e+00
-2.600703618784407367e-01,-1.400507059473183324e-01
-7.315466326374142625e-01,-6.366431894931137148e-01
-6.700771668329200126e-02,-2.976821462120423645e-01
2.149241897421555691e+00,2.197296451112867643e+00
-1.256134429285926224e+00,-5.652899386292573602e-01
-1.164621482971448962e+00,-6.267613033696554925e-02
-5.116179328399071968e-01,-6.823146353888104310e-01
-7.611268421446702737e-02,-1.698056719428206796e+00
-3.128726823885571995e-01,-1.232674135258484682e+00
-9.560488293732873899e-01,-1.486332859148692676e-01
-1.241334163031170945e+00,2.109398414117354403e-01
1.845172713673289389e+00,2.736030254700576148e+00
-9.960998342339874023e-01,-7.309993619496964190e-02
3.546563283859093474e+00,5.966759411856681350e-02
-3.340716977122329401e-01,-1.730482925080365775e-01
-1.102100313208950189e-01,-1.523129133147485215e+00
4.805948316901432982e+00,-1.952644976258024911e+00
-8.069238105061854460e-01,-9.513196607078078237e-01
-1.204951347406904461e+00,-1.846145478708780818e-01
1.294884791087922205e+00,3.330014045843451148e-02
-1.223435990710691090e+00,1.397783806424880981e-01
-1.294539876073532936e+00,6.078674574136323089e-02
1.830562241620580899e+00,2.709351612030739709e+00
-1.222698668649569553e+00,7.164615294226184261e-03
-1.062585669669835253e+00,-1.586040418257879392e-01
-1.320090169950982606e+00,2.956304937026728655e-02
-4.631541217838541780e-01,-5.135668667098073348e-01
3.958144559863569500e-01,4.624430726577159589e+00
-1.318907561893503111e+00,3.464138414601915933e-02
-1.073555519474001185e+00,-3.049153267909793241e-01
-1.187868845200339418e+00,-4.863578071351511850e-02
-1.301867514579605034e+00,-1.224048010059164970e-01
1.192653582904708159e-01,-5.361902988915979718e-01
-1.126937073185488414e+00,-1.639428147894138321e-01
-1.583080987589809752e+00,1.390053467073180116e+00
-8.067091571400034633e-01,-5.154171582422073516e-01
-1.244652632486159094e+00,-4.593459275484636506e-01
-1.297448504415026793e+00,-5.049561729168212942e-02
-9.853893375854421155e-01,7.598242072826431881e-02
-6.679880281233474548e-01,-5.544030422133665592e-01
-7.958794538106714889e-01,-4.675636465255826879e-01
-1.906324613208939089e+00,2.718919725974770163e+00
-1.257824810917344660e+00,-2.490598923075073023e-01
-9.365722882004662297e-01,-3.097597881941460685e-01
-1.052054792401327266e+00,-4.448205636270053942e-01
-8.894933924897998612e-01,-4.115424870836257298e-01
-1.090298182724447562e+00,-3.346226635124294746e-01
-1.236569844534505691e+00,-7.808039143563286211e-02
-1.453582753556249108e+00,1.629361003059714708e-01
2.419313645166511151e+00,1.942268501198685993e+00
-9.830035255832456631e-01,-2.565150270360234686e-01
9.342932918119413177e-01,3.125585772035983922e-02
-3.403764370093178004e-01,-9.510719460275935955e-01
-9.437528044630659751e-01,-3.549496381952321200e-01
-1.349975833019465776e+00,-3.554325178149716491e-01
-1.305965749812377341e+00,-3.768225335082464045e-01
-8.082686320903029742e-01,-4.739627141233006546e-01
-8.488223831820137510e-01,-2.991879458488829746e-01
-4.125037954727462930e-01,-1.176491397280997830e+00
-1.180796550455347899e-02,-1.618084036118443647e+00
2.380970202809266745e+00,1.864252060078776863e+00
-3.729759507239225336e-01,-6.747816156010261190e-01
-6.617165828461374355e-01,-8.569926574601858249e-01
5.121346885111102587e+00,-2.000493655487800115e+00
-1.109794128005118230e-01,-1.503719884055625178e+00
5.814885543652724698e-01,3.770613880313899435e-01
-1.362411119476437449e+00,-2.409828841974897828e-01
2.120620797330002638e+00,1.010089624715173384e+00
-1.338702150937142843e+00,-4.336828174319851681e-01
1.672409375656000452e-01,-1.641283716544793991e+00
-1.337616305130745920e+00,1.388399123942227198e-01
-9.261783517227494267e-01,-4.722638979138671367e-01
-1.028441671458969031e+00,-2.696904432004221808e-01
-8.067783420520449056e-01,-3.167092895443958112e-01
-9.696697008320911415e-01,-3.073467063591232007e-01
-1.018433620144262974e+00,-5.303867096439104367e-01
-1.312466388028823205e+00,-1.840450811678283338e-02
-4.954875174509824065e-01,-1.097371698901636883e+00
-7.901377495678448826e-01,-2.727888733111383801e-01
2.210080240941204366e+00,-1.783483865665309143e+00
-1.409430785555997545e+00,-2.700228699791885623e-01
5.618657765353804123e+00,-2.611837426326477196e+00
-9.486185955940843462e-01,-4.409436581687614098e-01
-9.555238447661204004e-01,-3.872153453930258782e-01
2.700618931367136266e+00,-4.674931530112044764e-01
1.920781436827805999e+00,2.663678757342391457e+00
-7.218243211565253947e-01,-5.920576444194600718e-01
-8.034964844574811471e-02,-1.430493715274745448e+00
7.707557555280599715e-01,-3.345292249629428505e-01
1.687086858471733564e+00,2.877923692252990939e+00
-3.273541103269314578e-01,-1.284861206865167249e+00
1.890832138757447378e+00,2.701261607721388902e+00
2.075619190248794155e+00,-2.130687098720804307e-01
-1.034152459146020719e+00,-1.524994888260537140e-01
-1.325245740944648087e+00,-6.302603066143213084e-01
-1.436706786788270129e+00,3.435852707849084142e-01
-1.343518617884332356e+00,-1.880339106355757503e-02
5.638511022409796736e-01,1.479996983683311784e+00
1.758893875404081708e+00,2.890518592623443794e+00
1.684038899506612230e+00,2.953200294732440057e+00
2.075732520419061589e-01,3.081243170873420034e+00
-1.114188639966332328e+00,-2.855136183199066119e-02
2.072460779836551303e+00,2.388981575818575287e+00
-5.367144127045768709e-01,-4.587324045394795546e-01
3.674871899308524537e+00,-2.191569432425765351e-01
2.074439688183244146e-01,-6.317378843637054819e-01
1.911000173588156326e+00,2.624695001050927790e+00
-7.808101908632958388e-01,-5.853487258612569688e-01
1.795893974360138756e+00,2.715168391254286995e+00
-7.990362216862137990e-01,-6.711054934504605551e-01
-5.893562011716940718e-01,-4.005359177213587696e-01
8.681305031541547423e-01,-8.919494144914785067e-03
-2.471057298117588452e+00,2.359297474542779938e+00
3.300328811454343647e+00,3.588522233177727228e-01
1.725821657918391420e-03,-3.315104788306739714e-01
-4.976961033789331079e-01,-3.723523766264189572e-01
-1.200192555923386140e+00,3.232148121954350750e-02
1.115416161267424711e+00,-1.523098236187650389e+00
1.492609340008599128e+00,-2.439628075535527074e+00
3.281202105457333040e+00,-2.431817113109773776e-01
-1.064076339567811891e+00,-3.114075194270902736e-01
1.681505853415697693e+00,1.508524940280245641e+00
2.273595509628599132e+00,2.131266082869746725e+00
-1.431424690786279541e+00,-1.102114992150285744e+00
-1.010574676014697193e+00,-4.685182024242622867e-01
-1.388572688654786003e+00,1.204501028220450742e-01
-1.360811476396475150e+00,9.274104191422957721e-02
1.778878351576251404e+00,2.731332966746968349e+00
-8.601063793600201013e-01,-5.960353564737254084e-01
4.184486734080517856e+00,-6.593094482324668437e-01
-1.203348821444618633e+00,-1.817215167855207869e-01
-1.428549116913147676e+00,-6.588449033244970707e-03
-1.280313816259737836e+00,-1.262601452728474294e-01
-3.127340989428362694e-01,-1.414619524580264853e+00
-1.250940500696777757e+00,2.792186601550059044e-02
-9.392257012781767278e-01,-6.780396616379072983e-01
-7.290548565053763808e-01,-3.655057778498411736e-01
-7.658200444833723752e-01,-2.850279930713067733e-01
2.715325319046081542e+00,8.404097163867974007e-01
-1.385231890677975475e+00,1.985636171511702963e-01
-1.004029657046886292e+00,-4.984505147944193193e-01
-1.450071432983112807e+00,2.045588126813626950e-01
8.978022855185596729e-01,-3.565684460908980502e-01
-1.740692653663170386e+00,8.784700600436684548e-01
-1.516397871750721160e+00,-3.263645235719017101e-01
-2.771320060793890150e+00,2.492117425554537302e+00
-2.981715011654818559e-01,-1.273719104211141762e+00
5.012256939960831659e+00,-1.558026876826085871e+00
-1.438735822471854275e+00,-2.089698042673299450e-01
-7.418161292210736502e-01,-2.735319538503740988e-01
-9.306900430609923447e-01,-4.713009840047883703e-01
1.657429124960608791e+00,2.957344165471516906e+00
1.359726750284467434e+00,-4.283648151648199454e-01
-7.436427639874620965e-01,-5.699887364569775627e-01
-1.169617462776509242e+00,-4.264236092837156988e-01
5.784872545349159623e+00,-3.096198611936499923e+00
-4.643597825302729354e-01,-1.338249875887397300e+00
1.946304914043330392e+00,2.570352936933351984e+00
1.842179540955057315e-01,3.129292415895077006e+00
5.971650221752209831e+00,-3.383038977508698864e+00
-4.125037954727462930e-01,-1.176491397280997830e+00
-9.136641565733635284e-01,-4.087174742967515928e-01
-9.424968768621436732e-01,-6.868493341250333506e-01
-1.246668729364648343e+00,2.062133935336854171e-02
1.992033176555910723e+00,2.562109689285430036e+00
-9.479844058251628569e-01,-5.292755471346402008e-01
-8.934246066007537346e-01,-9.161626704762210194e-02
-1.397294840456636544e-01,-1.340968356459969479e+00
4.195262131907736558e-01,4.221379577582594855e+00
-1.100992021692620781e+00,9.137371980510218192e-03
5.636588245192131197e-01,1.113076911010526748e+00
-6.976282452114711541e-01,-8.406504290935870038e-01
-9.739658818553167396e-01,-3.310171634332389479e-01
2.453605472839025303e+00,-1.908045194374616838e+00
3.478596937016606994e+00,3.637234844097532172e-01
-1.187473902005581117e+00,-5.732455839137048231e-02
-1.202407095300252804e+00,9.766644152453474170e-02
-5.920395536887019805e-01,-3.616164678722476600e-01
3.699126611698853484e+00,9.257349212901080926e-02
-7.983005616748856115e-01,-6.229078038370016168e-01
1.904517344152864444e+00,2.579075490579754604e+00
-8.912732324051150234e-01,-6.415434587358329610e-01
-1.150007354732254655e-01,-1.988895507930255879e-01
-1.016594732396332912e+00,-2.695605068661371950e-01
4.350821388837797343e+00,-8.833110359734638317e-01
-5.614530618449597998e-01,-6.190502604901054751e-01
-7.540147822958166712e-02,-2.004808755641517837e-01
6.730446320631874313e-01,-9.650029929504296000e-02
2.166859024274638390e+00,2.228769694746446817e+00
3.317016865378907831e+00,6.623015720756058045e-01
-6.058393187362328680e-01,-9.552265401965108760e-01
-1.361375300911839670e+00,6.364659941689934652e-02
-1.329144868363727694e+00,2.683303167252408805e-01
-1.194930870976624870e+00,-3.669820834495227113e-02
-1.275964990748501560e+00,-4.993320976392036543e-03
-1.215255780358871718e+00,2.875782504555542476e-02
-6.178082146767259752e-01,-4.692709151782548660e-01
-6.480258873669059172e-01,-3.709846763273618730e-01
-8.825942079402275819e-01,-4.133503759950675760e-01
-7.949447288363782338e-01,-3.203280619515265770e-01
-9.775300015867864900e-01,-2.045194655452589050e-01
2.121580131714939199e+00,2.230014897844863064e+00
-1.427321814342657369e+00,3.457200957536802899e-01
-1.049043957276172057e+00,-3.241782862086394768e-01
-9.818392955386684440e-01,-7.001262779195212282e-02
-1.282118352233112546e+00,9.486508354865155757e-02
-1.301039452416476783e+00,3.180264842464870512e-01
-4.612544610442427806e-01,1.989089010877252012e-02
6.516975357847354378e-01,2.862954669503306460e-01
