


































































































0.0
3.728826627
5.235358463
1.872647693












2.203191539
6.911754587
15.67315478
15.07748679
12.80223994
6.375005992
3.026458188
2.896922688
2.929777787
1.889998604


































0.164858529
3.632076256
1.631739469


0.823857923
6.713853085
4.385235033
2.336013219
1.526940963













1.305024505
4.484217671
15.50235031
8.181071891
3.868650049
2.355615032
1.59554439



0.662065826
3.413323357
4.708580629
2.326257879
1.620630235



1.234151621
2.833007275
1.730182981




























2.07636755
7.097673813
2.714850776
1.580489313



0.574127468
3.095070746
1.780099128









































0.117838329
11.69079331
3.397106418
1.483337753
















































































