001001
001002
001003
001004
001005
001006
001007
001008
001009
001010
001011
001013
001014
001015
001016
001017
001018
001019
001019.1
001020
001021
001022
001023
001023:cs
001024
001025
001026
001027
001028
001029
001029:cs
001029.1
001029.2
001031
001031.1
001031.2
001032
001033
001034
001034:cs
001035
001036
001037
001038
001039
001040
001041
001041.1
001042
001043
001044
001045
001046
001047
001048
001049
001050
001051
001051.1
001052
001053
001054
001055
001055:cs
001056
001056.1
001057
001058
001059
001060
001060.1
001061
001061:cs
001062
001063
001064
001065
001066
001067
001068
001069
001070
001071
001072
001073
001073.1
001073.2
001073.3
001074
001075
001076
001077
001078
001079
001080
001081
001082
001083
001084
001085
001086
001086.2
001087
001088
001089
001090
001091
001092
001093
001094
001095
001096
001097
001098
001098.1
001098.2
001098.3
001098.4
001098.5
001099
001100
001101
001101.1
001102
001103
001104
001105
001106
001107
001107.1
001108
001109
001109.1
001109.2
001109.3
001110
001110.1
001111
001111.1
001112
001113
001113.1
001113.2
001113.3
001114
001115
001116
001117
001118
001119
001120
001121
001121.1
001121.2
001121.3
001122
001123
001124
001124.1
001125
001125.1
001126
001127
001128
001129
001130
001131
001132
001133
001133.1
001133.2
001133.3
001134
001135
001136
001137
001138
001139
001140
001141
001142
001143
001144
001144.1
001145
001146
001146.1
001146.2
001146.3
001146.4
001146.5
001146.6
001146.7
001147
001148
001148.1
001149
001150
001151
001151.1
001152
001153
001154
001155
001155.1
001155.2
001156
001157
001158
001159
001159.1
001160
001161
001162
001163
001164
001165
001165.1
001165.2
001165.3
001165.4
001166
001166.1
001167
001167.1
001168
001169
001170
001171
001172
001173
001174
001175
001176
001177
001178
001179
001180
001181
001182
001183
001184
001184.1
001184.2
001185
001186
100001
100002
100003
100004
100005
100006
100007
100008
100009
100010
100011
100012
100013
100014
100015
100016
100016.1
100017
100018
100019
100020
100021
100022
100023
100024
100025
100026
100027
100029
100030
100031
100032
100033
100034
100035
100036
100037
100038
100039
100040
100041
100042
100043
100044
100045
100046
100047
100048
100049
100050
100051
100052
100053
100054
100055
100056
100057
100058
100060
100061
100062
100063
100064
100065
100066
100067
100068
100069
100070
100071
100072
100073
100074
100075
100076
100077
100077:cs
100078
100079
100080
100081
100082
100083
100084
100085
100086
100087
100087.1
100088
100089
100090
100091
100092
100093
100094
100095
100096
100097
100098
100100
100101
100102
100103
100104
100105
100106
100107
100108
100109
100110
100111
100112
100113
100114
100115
100116
100116.1
100117
100118
100120
100122
100123
100124
100125
100126
100127
100128
100129
100130
100131
100132
100133
100134
100135
100136
100137
100138
100139
100140
100142
100143
100145
100146
100147
100148
100150
100151
100152
100153
100154
100155
100156
100157
100158
100159
100160
100161
100163
100164
100165
100166
100167
100168
100169
100170
100172
100173
100174
100175
100176
100177
100178
100179
100180
100181
100182
100183
100184
100185
100186
100187
100188
100189
100190
100191
100192
100193
100194
100195
100196
100197
100198
100199
100200
100201
100202
100203
100204
100205
100206
100207
100208
100209
100210
100212
100213
100214
100215
100216
100217
100218
100219
100220
100221
100221.1
100222
100223
100224
100225
100227
100228
100229
100230
100231
100232
100233
100234
100235
100236
100237
100238
100239
100240
100241
100242
100243
100245
100246
100247
100248
100249
100250
100251
100253
100254
100255
100256
100257
100258
100259
100261
100262
100263
100264
100265
100266
100267
100268
100269
100270
100271
100272
100273
100274
100275
100276
100277
100278
100280
100281
100282
100283
100284
100285
100286
100287
100288
100289
100290
100291
100292
100293
100294
100295
100296
100297
100298
100299
100301
100302
100303
100304
100305
100306
100307
100308
100309
100310
100311
100312
100313
100314
100315
100316
100317
100318
100319
100320
100321
100322
100323
100324
100325
100326
100327
100328
100329
100330
100331
100332
100333
100334
100335
100336
100337
100338
100339
100340
100341
100342
100343
100344
100345
100346
100347
100348
100349
100350
100351
100352
100353
100354
100355
100356
100357
100358
100359
100360
100361
100362
100363
100364
100365
100366
100367
100368
100369
100370
100370.1
100371
100372
100373
100374
100375
100376
100377
100378
100379
100380
100381
100382
100383
100384
100385
100386
100387
100388
100389
100390
100391
100392
100393
100395
100396
100397
100398
100399
100400
100401
100402
100403
100404
100405
100406
100407
100408
a00008
a00035
a00123
a00140
a00213
a00261
a00329
a00337
a00366
a00372
a00374
a00404
a00420
a00460
a00473
a00513
a00616
a00654
a00691
a00714
a00730
a00789
a00812
a00823
a01091
a01092
a01122
a01239
a01327
a01362
a01407
a01431
a01445
a01645
a01662
a01735
a01761
a01785
a01879
a02027
a02040
a02064
a02096
a02105
a02133
a02176
a02207
a02244
a02267
a02328
a02377
a02473
a02486
a02489
a02529
a02534
a02543
a02778
a03113
a03150
a03191
a03240
a03485
a03512
a03943
a04687
a04696
a04701
a04933
a05569
a06407
a06693
a06740
a06743
a06744
a06790
a06800
a07127
a07281
a07285
a07287
a07472
a07485
a07600
a07620
a07668
a07671
a07896
a07953
a07955
