007923
007924
007925
007926
007927
007928
007928.1
007929
007930
007931
007932
007932.1
007932.2
007932.3
007933
007934
007935
007936
007937
007937.1
007938
007938.1
007938.2
007938.3
007939
007940
007941
007941.1
007941.2
007942
007943
007944
007945
007945.1
007946
007947
007948
007949
007950
007951
007951.1
007952
007953
007953.1
007953.2
007954
007955
007955.1
007956
007957
007958
007958.1
007959
007960
007961
007962
007963
007964
007965
007966
007967
007967.1
007968
007968.1
007968.2
007969
007970
007971
007972
007973
007974
007975
007976
007977
007978
007978:cs
007978.1
007979
007980
007980.1
007981
007982
007982.1
007982.2
007983
007984
007985
007986
007986.1
007987
007988
007989
007990
007990.1
007991
007992
007993
007993.1
007994
007994.1
007995
007996
007997
007997.1
007998
007999
008000
008001
008001.1
008001.2
008002
008003
008003.1
008003.2
008004
008005
008005.1
008005.2
008006
008007
008008
008009
008010
008010.1
008011
008011.1
008012
008012.1
008012.2
008013
008013.1
008014
008014.1
008015
008016
008017
008018
008018.1
008018.2
008019
008020
008021
008022
008023
008024
008025
008026
008026.1
008027
008027.1
008028
008028.1
008029
008030
008030.1
008031
008031.1
008032
008032.1
008033
008034
008035
008035.1
008035.2
008036
008036.1
008037
008038
008038.1
008039
008040
008041
008042
008043
008044
008044.1
008045
008046
008046.1
008046.2
008046.3
008047
008048
008049
008050
008050.1
008051
008052
008053
008053.1
008054
008054.1
008055
008056
008057
008058
008058.1
008058.2
008058.3
008059
008060
008060.1
008061
008061.1
008062
008062.1
008062.2
008063
008063.1
008064
008065
008066
008067
008068
008069
008070
008071
008071.1
008072
008073
008074
008075
008076
008077
008078
008079
008080
008081
008081.1
008082
008083
008084
008085
008086
008086.1
008087
008088
008089
008089.1
008090
008090.1
008091
008092
008092.1
008092.2
008092.3
008093
008094
008094.1
008095
008095.1
008096
008097
008097.1
008097.2
008098
008099
008100
008101
008101.1
008102
008103
008104
008104.1
008104.2
008105
008106
008106.1
008106.2
008106.3
008107
008107.1
008108
008109
008110
008110.1
008111
008112
008112.1
008113
008114
008114.1
008115
008116
008116.1
008117
008117.1
008117.2
008118
008118.1
008119
008120
008121
008121.1
008122
008123
008124
008124.1
008125
008126
008127
008128
008129
008130
008130.1
008130.2
008131
008132
008133
008134
008135
008136
008136.1
008137
008137.1
008138
008138.1
008139
008140
008141
008141.1
008142
008143
008144
008145
008146
008146.1
008146.2
008147
008148
008148.1
008149
008150
008151
008152
008153
008153.1
008154
008155
008156
008157
008158
008159
008159.1
008160
008161
008161.1
008162
008163
008164
008164.1
008164.2
008165
008166
008167
008167.1
008168
008168.1
008168.2
008169
008169.1
008170
008170.1
008171
008171.1
008172
008173
008174
008175
008176
008176:cs
008177
008178
008178.1
008179
008180
008180.1
008181
008181.1
008181.2
008181.3
008182
008183
008184
008184.1
008185
008186
008187
008188
008188.1
008189
008189.1
008190
008191
008192
008193
008193.1
008194
008195
008196
008197
008197.1
008198
008199
008199.1
008200
008201
008202
008202.1
008203
008203.1
008204
008204.1
008205
008206
008207
008208
008208.1
008208.2
008209
008210
008211
008211.1
008212
008213
008214
008215
008215.1
008216
008216.1
008216.1:cs
008217
008217:cs
008217.1
008218
008219
008220
008221
008221.1
008222
008223
008224
008225
008226
008227
008227.1
008228
008229
008230
008231
008232
008233
008233.1
008234
008235
008236
008237
008238
008239
008240
008240.1
008241
008242
008243
008244
008245
008246
008246.1
008247
800001
800002
800003
800004
800005
800006
800007
800008
800008.1
800010
800011
800012
800013
800014
800015
800016
800017
800018
800019
800020
800021
800023
800025
800026
800027
800028
800029
800030
800031
800032
800033
800034
800036
800037
800038
800039
800040
800041
800042
800043
800044
800045
800047
800048
800049
800050
800053
800054
800056
800057
800058
800059
800060
800061
800062
800062.1
800064
800065
800066
800068
800069
800070
800071
800072
800073
800074
800075
800076
800077
800079
800080
800081
800082
800083
800084
800085
800086
800087
800088
800090
800092
800093
800093:cs
800094
800095
800096
800097
800100
800101
800102
800103
800105
800106
800107
800111
800112
800113
800114
800115
800118
800119
800120
800121
800122
800124
800125
800126
800128
800131
800132
800134
800135
800136
800137
800138
800139
800140
800142
800143
800144
800145
800146
800148
800150
800151
800152
800153
800154
800155
800156
800157
800159
800161
800163
800163.1
800165
800166
800167
800170
800171
800172
800173
800174
800175
800176
800177
800178
800179
800181
800183
800184
800185
800186
800187
800188
800189
800191
800192
800193
800194
800196
800197
800198
800199
800200
800201
800202
800203
800204
800205
800206
800207
800208
800209
800211
800212
800214
800215
800216
800217
800218
800220
800222
800223
800224
800225
800226
800227
800229
800230
800231
800232
800234
800235
800236
800236.1
800237
800238
800239
800241
800242
800243
800244
800245
800246
800247
800248
800250
800251
800252
800252.1
800253
800255
800256
800257
800258
800260
800263
800263.1
800265
800266
800270
800271
800273
800274
800275
800276
800277
800279
800280
800281
800283
800284
800285
800287
800287.1
800289
800290
800292
800293
800294
800295
800297
800299
800301
800302
800303
800304
800305
800306
800307
800308
800311
800312
800313
800315
800316
800317
800319
800320
800321
800322
800323
800324
800329
800331
800332
800333
800334
800335
800336
800337
800338
800339
800340
800341
800342
800343
800344
800345
800346
800347
800348
800350
800351
800352
800353
800355
800356
800357
800358
800360
800360.1
800362
800363
800364
800365
800366
800367
800368
800369
800370
800371
800372
800373
800374
800375
800378
800379
800380
800381
800382
800383
800384
800385
800386
800387
800388
800389
800390
800391
800392
800393
800394
800395
800396
800397
800398
800399
800400
800401
800402
800403
800405
800406
800407
800408
800409
800411
800412
800413
800414
800415
800416
800417
800419
800421
800422
800424
800427
800429
800431
800432
800434
800435
800436
800437
800439
800440
800442
800443
800444
800445
800446
800447
800448
800449
800450
800451
800452
800453
800454
800455
800456
800457
800458
800459
800460
800461
800462
800464
800465
800466
800467
800468
800470
800471
800472
800474
800476
800476:cs
800477
800478
800479
800480
800481
800482
800483
800487
800488
800489
800490
800491
800492
800493
800494
800495
800496
800499
800501
800502
800503
800505
800506
800507
800508
800509
800510
800511
800512
800513
800515
800519
800520
800522
800523
800525
800526
800527
800528
800529
800530
800534
800535
800536
800539
800540
800541
800542
800543
800544
800545
800546
800547
800548
800549
800550
800551
800552
800553
800556
800557
800558
800559
800561
800562
800563
800564
800565
800566
800567
800568
800569
800570
800571
800572
800585
800586
800588
800589
800590
800591
800593
800594
800595
800596
800597
a00048
a00058
a00070
a00076
a00108
a00122
a00156
a00170
a00172
a00178
a00181
a00188
a00241
a00249
a00259
a00298
a00301
a00331
a00332
a00333
a00359
a00386
a00414
a00465
a00482
a00496
a00505
a00510
a00517
a00623
a00652
a00681
a00776
a00908
a00908:cs
a00939
a00954
a00969
a01109
a01120
a01196
a01322
a01323
a01389
a01405
a01409
a01410
a01413
a01418
a01420
a01423
a01424
a01437
a01443
a01450
a01455
a01456
a01544
a01555
a01643
a01689
a01689.1
a01693
a01865
a01960
a01961
a01964
a01965
a01966
a02049
a02092
a02104
a02405
a02410
a02418
a02419
a02420
a02421
a02423
a02436
a02437
a02514
a04006
a04006.1
a04405
a05114
a05393
a06543
a06570
a06571
a06572
a06573
a06688
a06729
a06777
a06779
a06799
a06871
a07228
a07228:cs
a07289
a07291
a07304
a07330
a07331
a07597
a07598
a07601
a07604
a07605
a07652
a07653
a07654
a07655
a07657
a07664
a07667
a07669
a07683
a07719
a07724
a07738
a07747
a07785
a07816
a07819
a07926
a07933
a07941
a07985
