0.238 
0.284 
0.294 
0.309 
0.319 
0.301 
0.347 
0.32 
0.358 
0.345 
0.357 
0.406 
0.385 
0.363 
0.383 
0.4 
0.417 
0.386 
0.365 
0.409 
0.367 
0.371 
0.405 
0.41 
0.401 
0.395 
0.382 
0.37 
0.365 
0.414 
0.381 
0.391 
0.42 
0.429 
0.392 
0.408 
0.397 
0.406 
0.368 
0.428 
0.417 
0.37 
0.41 
0.398 
0.443 
0.424 
0.39 
0.438 
0.418 
0.392 
0.432 
0.431 
0.422 
0.433 
0.424 
0.435 
0.433 
0.443 
0.426 
0.418 
0.426 
0.435 
0.426 
0.423 
0.433 
0.427 
0.442 
0.43 
0.487 
0.444 
0.396 
0.389 
0.418 
0.445 
0.433 
0.442 
0.425 
0.409 
0.447 
0.429 
0.425 
0.442 
0.412 
0.437 
0.445 
0.41 
0.406 
0.402 
0.405 
0.399 
0.45 
0.445 
0.445 
0.427 
0.44 
0.446 
0.435 
0.429 
0.431 
0.421 
0.443 
0.444 
0.469 
0.455 
0.396 
0.386 
0.392 
0.4 
0.413 
0.419 
0.41 
0.451 
0.406 
0.428 
0.461 
0.446 
0.441 
0.438 
0.427 
0.418 
0.417 
0.444 
0.431 
0.426 
0.425 
0.455 
0.455 
0.453 
0.403 
0.396 
0.394 
0.39 
0.369 
0.441 
0.41 
0.446 
0.427 
0.394 
0.386 
0.404 
0.408 
0.425 
0.454 
0.413 
0.404 
0.438 
0.439 
0.432 
0.417 
0.422 
0.423 
0.437 
0.425 
0.46 
0.445 
0.425 
0.377 
0.432 
0.422 
0.421 
0.417 
0.428 
0.416 
0.433 
0.4 
0.444 
0.394 
0.417 
0.373 
0.408 
0.43 
0.396 
0.42 
0.442 
0.408 
0.402 
0.413 
0.384 
0.421 
0.39 
0.411 
0.404 
0.369 
0.386 
0.382 
0.398 
0.41 
0.406 
0.355 
0.395 
0.418 
0.426 
0.428 
0.411 
0.417 
0.399 
0.427 
0.399 
0.387 
0.416 
0.417 
0.417 
0.412 
0.407 
0.408 
0.419 
0.406 
0.4 
0.425 
0.4 
0.408 
0.365 
0.421 
0.396 
0.384 
0.402 
0.41 
0.39 
0.398 
0.426 
0.416 
0.407 
0.403 
0.397 
0.405 
0.398 
0.387 
0.377 
0.425 
0.45 
0.406 
0.386 
0.387 
0.419 
0.409 
0.434 
0.427 
0.42 
0.426 
0.42 
0.436 
0.481 
0.438 
0.538 
0.63 
0.572 
0.485 
0.545 
0.572 
0.531 
0.559 
0.474 
0.556 
0.526 
0.492 
0.518 
0.558 
0.504 
0.499 
0.526 
0.523 
0.534 
0.507 
0.544 
0.629 
0.59 
0.54 
0.589 
0.604 
0.6 
0.591 
0.554 
0.57 
0.618 
0.542 
0.629 
0.588 
0.553 
0.593 
0.536 
0.502 
0.554 
0.55 
0.537 
0.537 
0.59 
0.583 
0.604 
0.492 
0.47 
0.484 
0.501 
0.503 
0.518 
0.573 
0.473 
0.482 
0.502 
0.572 
0.617 
0.631 
0.603 
0.545 
0.581 
0.553 
0.489 
0.488 
0.478 
0.555 
0.606 
0.524 
0.499 
0.455 
0.497 
0.529 
0.465 
0.48 
0.511 
0.513 
0.563 
0.599 
0.593 
0.551 
0.557 
0.6 
0.557 
0.538 
0.498 
0.538 
0.6 
0.571 
0.532 
0.564 
0.518 
0.514 
0.558 
0.545 
0.545 
0.501 
0.528 
0.525 
0.484 
0.48 
0.52 
0.52 
0.617 
0.589 
0.642 
0.604 
0.588 
0.584 
0.509 
0.613 
0.624 
0.608 
0.623 
0.571 
0.657 
0.585 
0.568 
0.562 
0.532 
0.516 
0.54 
0.485 
0.515 
0.567 
0.503 
0.557 
0.474 
0.479 
0.567 
0.523 
0.467 
0.606 
0.597 
0.597 
0.582 
0.551 
0.556 
0.563 
0.616 
0.553 
0.513 
0.527 
0.583 
0.553 
0.569 
0.504 
0.536 
0.445 
0.481 
0.483 
0.515 
0.493 
0.526 
0.541 
0.455 
0.462 
0.448 
0.504 
0.514 
0.464 
0.5 
0.528 
0.454 
0.468 
0.527 
0.5 
0.519 
0.52 
0.514 
0.522 
0.5 
0.498 
0.488 
0.534 
0.5 
0.531 
0.473 
0.479 
0.499 
0.432 
0.484 
0.519 
0.475 
0.392 
0.436 
0.473 
0.472 
0.405 
0.468 
0.424 
0.436 
0.421 
0.499 
0.436 
0.442 
0.47 
0.498 
0.545 
0.473 
0.488 
0.46 
0.464 
0.491 
0.482 
0.492 
0.459 
0.499 
0.496 
0.475 
0.484 
0.438 
0.481 
0.488 
0.488 
0.471 
0.512 
0.485 
0.466 
0.513 
0.471 
0.479 
0.436 
0.481 
0.512 
0.521 
0.503 
0.422 
0.5 
0.432 
0.409 
0.376 
0.466 
0.445 
0.388 
0.407 
0.449 
0.444 
0.484 
0.453 
0.46 
0.429 
0.444 
0.423 
0.485 
0.482 
0.434 
0.446 
0.449 
0.48 
0.48 
0.46 
0.485 
0.497 
0.489 
0.456 
0.485 
0.441 
0.451 
0.428 
0.492 
0.451 
0.46 
0.488 
0.538 
0.469 
0.461 
0.462 
0.512 
0.5 
0.513 
0.511 
0.496 
0.472 
0.465 
0.495 
0.461 
0.494 
0.486 
0.481 
0.494 
0.475 
0.449 
0.495 
0.463 
0.449 
0.476 
0.497 
0.457 
0.477 
0.474 
0.483 
0.459 
0.489 
0.502 
0.455 
0.429 
0.475 
0.483 
0.499 
0.471 
0.459 
0.444 
0.5 
0.479 
0.523 
0.495 
0.501 
0.505 
0.483 
0.476 
0.537 
0.557 
0.649 
0.595 
0.538 
0.475 
0.517 
0.526 
0.461 
0.518 
0.505 
0.516 
0.501 
0.404 
0.502 
0.575 
0.544 
0.561 
0.523 
0.568 
0.507 
0.498 
0.491 
0.501 
0.497 
0.546 
0.612 
0.552 
0.52 
0.469 
0.601 
0.564 
0.654 
0.642 
0.56 
0.608 
0.645 
0.635 
0.612 
0.588 
0.69 
0.633 
0.563 
0.539 
0.572 
0.561 
0.629 
0.637 
0.59 
0.59 
0.543 
0.567 
0.522 
0.503 
0.558 
0.508 
0.526 
0.544 
0.536 
0.508 
0.502 
0.484 
0.48 
0.495 
0.501 
0.513 
0.504 
0.493 
0.447 
0.521 
0.555 
0.596 
0.49 
0.527 
0.64 
0.579 
0.686 
0.617 
0.663 
0.655 
0.587 
0.561 
0.55 
0.594 
0.635 
0.579 
0.535 
0.574 
0.635 
0.695 
0.49 
0.582 
0.644 
0.625 
0.563 
0.67 
0.569 
0.627 
0.575 
0.642 
0.581 
0.566 
0.54 
0.549 
0.616 
0.561 
0.714 
0.597 
0.659 
0.638 
0.66 
0.645 
0.617 
0.576 
0.576 
0.576 
0.547 
0.668 
0.616 
0.529 
0.66 
0.606 
0.588 
0.682 
0.625 
0.6 
0.613 
0.639 
0.573 
0.65 
0.57 
0.646 
0.614 
0.627 
0.587 
0.584 
0.545 
0.688 
0.65 
0.64 
0.652 
0.632 
0.571 
0.571 
0.552 
0.518 
0.535 
0.486 
0.499 
0.515 
0.478 
0.51 
0.619 
0.542 
0.502 
0.526 
0.575 
0.548 
0.554 
0.566 
0.525 
0.549 
0.559 
0.553 
0.585 
0.579 
0.556 
0.587 
0.575 
0.585 
0.622 
0.562 
0.593 
0.648 
0.602 
0.564 
0.617 
0.565 
0.558 
0.644 
0.593 
0.6 
0.658 
0.607 
0.611 
0.637 
0.617 
0.645 
0.686 
0.632 
0.622 
0.597 
0.679 
0.618 
0.544 
0.58 
0.671 
0.631 
0.579 
0.619 
0.63 
0.57 
0.632 
0.551 
0.649 
0.499 
0.601 
0.634 
0.658 
0.638 
0.643 
0.676 
0.691 
0.563 
0.645 
0.679 
0.548 
0.581 
0.667 
0.603 
0.582 
0.633 
0.588 
0.6 
0.639 
0.508 
0.564 
0.631 
0.539 
0.578 
0.55 
0.652 
0.623 
0.591 
0.56 
0.578 
0.468 
0.563 
0.591 
0.583 
0.566 
0.505 
0.6 
0.637 
0.703 
0.552 
0.513 
0.558 
0.477 
0.588 
0.522 
0.628 
0.556 
0.574 
0.607 
0.587 
0.616 
0.609 
0.585 
0.544 
0.567 
0.632 
0.683 
0.625 
0.658 
0.601 
0.587 
0.647 
0.598 
0.547 
0.563 
0.569 
0.635 
0.642 
0.661 
0.585 
0.59 
0.691 
0.633 
0.695 
0.663 
0.646 
0.641 
0.564 
0.504 
0.604 
0.572 
0.645 
0.646 
0.62 
0.58 
0.516 
0.53 
0.547 
0.538 
0.594 
0.583 
0.569 
0.509 
0.647 
0.578 
0.61 
0.635 
0.611 
0.519 
0.559 
0.556 
0.533 
0.606 
0.612 
0.524 
0.703 
0.612 
0.574 
0.627 
0.66 
0.588 
0.607 
0.608 
0.662 
0.638 
0.576 
0.55 
0.58 
0.646 
0.575 
0.67 
0.702 
0.664 
0.631 
0.566 
0.537 
0.554 
0.556 
0.577 
0.557 
0.595 
0.446 
0.484 
0.512 
0.536 
0.572 
0.542 
0.542 
0.605 
0.612 
0.602 
0.533 
0.599 
0.563 
0.525 
0.534 
0.521 
0.558 
0.585 
0.544 
0.515 
0.55 
0.556 
0.512 
0.504 
0.507 
0.477 
0.51 
0.531 
0.562 
0.53 
0.509 
0.537 
0.495 
0.51 
0.507 
0.452 
0.536 
0.493 
0.565 
0.553 
0.52 
0.525 
0.559 
0.524 
0.577 
0.676 
0.628 
0.638 
0.613 
0.648 
0.606 
0.563 
0.648 
0.679 
0.676 
0.556 
0.665 
0.594 
0.542 
0.492 
0.53 
0.551 
0.579 
0.485 
0.463 
0.499 
0.523 
0.52 
0.512 
0.505 
0.606 
0.678 
0.634 
0.594 
0.619 
0.509 
0.574 
0.699 
0.591 
0.663 
0.646 
0.678 
0.58 
0.583 
0.633 
0.614 
0.563 
0.574 
0.662 
0.595 
0.54 
0.551 
0.554 
0.531 
0.605 
0.567 
0.539 
0.553 
0.52 
0.49 
0.522 
0.492 
0.528 
0.55 
0.536 
0.527 
0.475 
0.514 
0.527 
0.53 
0.497 
0.502 
0.496 
0.518 
0.524 
0.528 
0.499 
0.52 
0.521 
0.47 
0.558 
0.529 
0.526 
0.555 
0.565 
0.502 
0.538 
0.549 
0.499 
0.524 
0.527 
0.537 
0.42 
0.513 
0.462 
0.506 
0.479 
0.472 
0.447 
0.453 
0.488 
0.44 
0.462 
0.504 
0.496 
0.429 
0.442 
0.442 
0.46 
0.504 
0.511 
0.493 
0.478 
0.486 
0.494 
0.468 
0.476 
0.528 
0.477 
0.438 
0.43 
0.439 
0.486 
0.472 
0.438 
0.434 
0.483 
0.467 
0.494 
0.539 
0.565 
0.526 
0.504 
0.527 
0.542 
0.517 
0.493 
0.542 
0.509 
0.514 
0.528 
0.562 
0.523 
0.529 
0.523 
0.46 
0.509 
0.465 
0.543 
0.528 
0.549 
0.514 
0.533 
0.616 
0.507 
0.523 
0.518 
0.481 
0.534 
0.508 
0.484 
0.496 
0.514 
0.522 
0.443 
0.439 
0.467 
0.452 
0.482 
0.494 
0.464 
0.488 
0.526 
0.539 
0.44 
0.523 
0.494 
0.527 
0.511 
0.518 
0.547 
0.539 
0.562 
0.565 
0.536 
0.578 
0.507 
0.571 
0.529 
0.571 
0.501 
0.569 
0.466 
0.528 
0.473 
0.505 
0.586 
0.559 
0.566 
0.492 
0.475 
0.497 
0.596 
0.617 
0.596 
0.557 
0.649 
0.678 
0.596 
0.526 
0.514 
0.523 
0.444 
0.448 
0.44 
0.458 
0.434 
0.424 
0.444 
0.451 
0.481 
0.472 
0.472 
0.495 
0.52 
0.482 
0.485 
0.456 
0.456 
0.494 
0.531 
0.516 
0.446 
0.484 
0.552 
0.534 
0.505 
0.574 
0.559 
0.642 
0.566 
0.566 
0.671 
0.561 
0.644 
0.635 
0.58 
0.679 
0.535 
0.598 
0.618 
0.645 
0.586 
0.623 
0.556 
0.578 
0.569 
0.56 
0.581 
0.494 
0.514 
0.538 
0.52 
0.591 
0.609 
0.596 
0.594 
0.696 
0.595 
0.564 
0.572 
0.608 
0.603 
0.604 
0.592 
0.631 
0.645 
0.686 
0.604 
0.531 
0.612 
0.618 
0.575 
0.547 
0.545 
0.55 
0.598 
0.603 
0.668 
0.648 
0.695 
0.649 
0.714 
0.554 
0.601 
0.561 
0.585 
0.574 
0.498 
0.633 
0.625 
0.583 
0.682 
0.622 
0.623 
0.679 
0.556 
0.599 
0.633 
0.587 
0.589 
0.653 
0.652 
0.635 
0.629 
0.58 
0.613 
0.634 
0.717 
0.631 
0.565 
0.562 
0.621 
0.625 
0.603 
0.632 
0.616 
0.645 
0.578 
0.638 
0.532 
0.593 
0.61 
0.564 
0.664 
0.627 
0.602 
0.612 
0.587 
0.627 
0.574 
0.53 
0.579 
0.57 
0.621 
0.629 
0.643 
0.673 
0.61 
0.699 
0.642 
0.593 
0.602 
0.575 
0.583 
0.637 
0.613 
0.532 
0.51 
0.602 
0.576 
0.628 
0.617 
0.679 
0.615 
0.603 
0.604 
0.651 
0.586 
0.688 
0.656 
0.595 
0.608 
0.593 
0.548 
0.583 
0.581 
0.649 
0.621 
0.619 
0.594 
0.72 
0.511 
0.525 
0.532 
0.576 
0.534 
0.602 
0.49 
0.521 
0.547 
0.585 
0.673 
0.609 
0.532 
0.529 
0.507 
0.584 
0.552 
0.551 
0.628 
0.584 
0.524 
0.565 
0.564 
0.547 
0.469 
0.525 
0.586 
0.589 
0.595 
0.615 
0.625 
0.569 
0.568 
0.552 
0.496 
0.589 
0.624 
0.622 
0.556 
0.587 
0.617 
0.681 
0.591 
0.616 
0.713 
0.638 
0.576 
0.549 
0.53 
0.537 
0.502 
0.553 
0.457 
0.476 
0.518 
0.549 
0.517 
0.522 
0.511 
0.564 
0.447 
0.49 
0.466 
0.473 
0.472 
0.499 
0.463 
0.491 
0.501 
0.469 
0.428 
0.484 
0.526 
0.519 
0.508 
0.486 
0.503 
0.483 
0.502 
0.462 
0.478 
0.474 
0.47 
0.471 
0.434 
0.449 
0.468 
0.446 
0.499 
0.497 
0.414 
0.564 
0.476 
0.448 
0.502 
0.502 
0.521 
0.529 
0.518 
0.499 
0.51 
0.507 
0.531 
0.471 
0.489 
0.517 
0.459 
0.488 
0.505 
0.471 
0.471 
0.475 
0.487 
0.463 
0.477 
0.485 
0.5 
0.468 
0.463 
0.48 
0.477 
0.495 
0.461 
0.479 
0.466 
0.415 
0.417 
0.439 
0.452 
0.457 
0.445 
0.434 
0.444 
0.45 
0.47 
0.453 
0.432 
0.419 
0.47 
0.499 
0.426 
0.462 
0.49 
0.49 
0.532 
0.474 
0.414 
0.454 
0.485 
0.482 
0.434 
0.456 
0.492 
0.467 
0.393 
0.479 
0.464 
0.423 
0.446 
0.49 
0.45 
0.461 
0.43 
0.431 
0.461 
0.423 
0.452 
0.491 
0.525 
0.508 
0.439 
0.456 
0.494 
0.469 
0.46 
0.428 
0.461 
0.406 
0.443 
0.457 
0.493 
0.471 
0.444 
0.456 
0.506 
0.497 
0.501 
0.515 
0.522 
0.529 
0.528 
0.483 
0.53 
0.542 
0.528 
0.528 
0.503 
0.569 
0.509 
0.51 
0.536 
0.486 
0.513 
0.542 
0.524 
0.512 
0.453 
0.529 
0.478 
0.5 
0.515 
0.499 
0.509 
0.503 
0.463 
0.477 
0.507 
0.556 
0.491 
0.482 
0.508 
0.509 
0.533 
0.552 
0.511 
0.538 
0.506 
0.509 
0.524 
0.526 
0.554 
0.585 
0.566 
0.516 
0.566 
0.579 
0.55 
0.542 
0.587 
0.476 
0.556 
0.557 
0.54 
0.557 
0.556 
0.558 
0.559 
0.572 
0.513 
0.514 
0.607 
0.63 
0.6 
0.662 
0.614 
0.576 
0.557 
0.596 
0.64 
0.597 
0.566 
0.533 
0.491 
0.497 
0.54 
0.583 
0.555 
0.575 
0.598 
0.61 
0.628 
0.617 
0.646 
0.693 
0.667 
0.624 
0.706 
0.583 
0.598 
0.657 
0.612 
0.626 
0.6 
0.606 
0.57 
0.63 
0.633 
0.68 
0.587 
0.574 
0.615 
0.572 
0.68 
0.59 
0.559 
0.571 
0.621 
0.561 
0.637 
0.612 
0.581 
0.641 
0.66 
0.642 
0.634 
0.633 
0.618 
0.531 
0.553 
0.629 
0.634 
0.551 
0.666 
0.655 
0.618 
0.554 
0.534 
0.598 
0.557 
0.585 
0.6 
0.578 
0.688 
0.641 
0.598 
0.597 
0.625 
0.635 
0.69 
0.599 
0.659 
0.551 
0.599 
0.68 
0.58 
0.65 
0.529 
0.526 
0.513 
0.51 
0.557 
0.462 
0.516 
0.558 
0.565 
0.512 
0.502 
0.501 
0.563 
0.611 
0.589 
0.597 
0.543 
0.554 
0.535 
0.626 
0.594 
0.598 
0.604 
0.625 
0.61 
0.579 
0.622 
0.693 
0.616 
0.632 
0.641 
0.54 
0.542 
0.568 
0.615 
0.594 
0.683 
0.571 
0.678 
0.683 
0.608 
0.706 
0.624 
0.548 
0.653 
0.545 
0.579 
0.523 
0.599 
0.614 
0.589 
0.596 
0.613 
0.599 
0.63 
0.61 
0.599 
0.642 
0.588 
0.564 
0.588 
0.592 
0.62 
0.623 
0.577 
0.658 
0.647 
0.624 
0.589 
0.643 
0.578 
0.515 
0.535 
0.574 
0.585 
0.592 
0.51 
0.548 
0.564 
0.614 
0.559 
0.535 
0.58 
0.589 
0.522 
0.646 
0.588 
0.538 
0.519 
0.61 
0.557 
0.478 
0.5 
0.454 
0.504 
0.533 
0.498 
0.551 
0.535 
0.525 
0.504 
0.567 
0.49 
0.501 
0.53 
0.546 
0.54 
0.583 
0.571 
0.52 
0.543 
0.503 
0.589 
0.525 
0.576 
0.57 
0.58 
0.596 
0.552 
0.609 
0.654 
0.623 
0.6 
0.568 
0.651 
0.635 
0.654 
0.609 
0.655 
0.658 
0.65 
0.618 
0.548 
0.487 
0.549 
0.574 
0.678 
0.676 
0.574 
0.58 
0.532 
0.546 
0.479 
0.517 
0.577 
0.57 
0.568 
0.623 
0.57 
0.612 
0.691 
0.591 
0.515 
0.585 
0.562 
0.605 
0.526 
0.542 
0.509 
0.532 
0.531 
0.488 
0.614 
0.61 
0.568 
0.5 
0.512 
0.545 
0.568 
0.524 
0.571 
0.535 
0.535 
0.534 
0.569 
0.574 
0.553 
0.53 
0.554 
0.551 
0.593 
0.609 
0.58 
0.618 
0.608 
0.602 
0.619 
0.645 
0.594 
0.602 
0.609 
0.607 
0.482 
0.518 
0.56 
0.544 
0.562 
0.495 
0.608 
0.539 
0.529 
0.513 
0.659 
0.605 
0.603 
0.667 
0.566 
0.561 
0.586 
0.548 
0.555 
0.594 
0.659 
0.605 
0.594 
0.613 
0.605 
0.555 
0.571 
0.567 
0.591 
0.574 
0.576 
0.519 
0.529 
0.626 
0.611 
0.57 
0.658 
0.581 
0.664 
0.695 
0.68 
0.681 
0.74 
0.684 
0.593 
0.566 
0.562 
0.546 
0.532 
0.576 
0.676 
0.639 
0.561 
0.615 
0.628 
0.548 
0.478 
0.557 
0.546 
0.512 
0.526 
0.624 
0.634 
0.566 
0.588 
0.633 
0.642 
0.657 
0.698 
0.685 
0.691 
0.63 
0.674 
0.608 
0.58 
0.625 
0.697 
0.667 
0.652 
0.577 
0.574 
0.547 
0.49 
0.557 
0.586 
0.656 
0.559 
0.578 
0.6 
0.571 
0.599 
0.618 
0.649 
0.597 
0.791 
0.697 
0.666 
0.689 
0.725 
0.586 
0.584 
0.662 
0.64 
0.63 
0.556 
0.639 
0.56 
0.616 
0.621 
0.641 
0.584 
0.645 
0.598 
0.671 
0.715 
0.67 
0.666 
0.64 
0.663 
0.654 
0.642 
0.606 
0.68 
0.651 
0.652 
0.686 
0.686 
0.701 
0.66 
0.671 
0.667 
0.686 
0.657 
0.654 
0.625 
0.656 
0.597 
0.634 
0.594 
0.599 
0.573 
0.591 
0.58 
0.557 
0.693 
0.738 
0.701 
0.719 
0.722 
0.612 
0.629 
0.677 
0.542 
0.622 
0.692 
0.708 
0.646 
0.697 
0.725 
0.71 
0.686 
0.756 
0.714 
0.715 
0.69 
0.705 
0.708 
0.684 
0.702 
0.679 
0.685 
0.646 
0.626 
0.528 
0.502 
0.558 
0.524 
0.494 
0.543 
0.511 
0.601 
0.53 
0.568 
0.674 
0.655 
0.749 
0.694 
0.733 
0.573 
0.714 
0.681 
0.723 
0.654 
0.649 
0.663 
0.604 
0.648 
0.639 
0.677 
0.663 
0.669 
0.703 
0.631 
0.644 
0.726 
0.658 
0.694 
0.563 
0.512 
0.589 
0.612 
0.568 
0.575 
0.553 
0.522 
0.645 
0.618 
0.598 
0.651 
0.566 
0.534 
0.63 
0.603 
0.604 
0.662 
0.685 
0.589 
0.598 
0.701 
0.68 
0.726 
0.705 
0.635 
0.699 
0.671 
0.651 
0.578 
0.635 
0.606 
0.594 
0.674 
0.63 
0.624 
0.666 
0.696 
0.732 
0.673 
0.674 
0.597 
0.609 
0.629 
0.651 
0.624 
0.528 
0.64 
0.546 
0.582 
0.609 
0.589 
0.554 
0.551 
0.599 
0.685 
0.726 
0.587 
0.627 
0.551 
0.587 
0.556 
0.593 
0.616 
0.6 
0.51 
0.517 
0.562 
0.615 
0.689 
0.665 
0.587 
0.579 
0.564 
0.499 
0.586 
0.561 
0.638 
0.661 
0.704 
0.768 
0.62 
0.69 
0.741 
0.616 
0.711 
0.614 
0.606 
0.535 
0.674 
0.624 
0.601 
0.583 
0.67 
0.637 
0.708 
0.773 
0.669 
0.638 
0.649 
0.67 
0.652 
0.64 
0.736 
0.704 
0.613 
0.614 
0.59 
0.586 
0.568 
0.526 
0.527 
0.579 
0.568 
0.609 
0.581 
0.547 
0.707 
0.627 
0.66 
0.649 
0.673 
0.651 
0.707 
0.668 
0.697 
0.59 
0.621 
0.696 
0.575 
0.707 
0.629 
0.661 
0.753 
0.746 
0.641 
0.724 
0.604 
0.72 
0.678 
0.671 
0.614 
0.72 
0.708 
0.584 
0.671 
0.603 
0.606 
0.611 
0.627 
0.694 
0.623 
0.778 
0.646 
0.571 
0.594 
0.526 
0.576 
0.597 
0.646 
0.752 
0.757 
0.738 
0.662 
0.689 
0.758 
0.709 
0.734 
0.683 
0.699 
0.722 
0.692 
0.702 
0.552 
0.731 
0.675 
0.653 
0.594 
0.757 
0.58 
0.613 
0.671 
0.688 
0.726 
0.66 
0.641 
0.688 
0.657 
0.692 
0.647 
0.635 
0.608 
0.534 
0.541 
0.555 
0.558 
0.553 
0.534 
0.55 
0.512 
0.503 
0.509 
0.505 
0.495 
0.587 
0.543 
0.573 
0.671 
0.631 
0.577 
0.629 
0.633 
0.614 
0.522 
0.559 
0.517 
0.613 
0.631 
0.603 
0.608 
0.586 
0.767 
0.624 
0.63 
0.638 
0.632 
0.636 
0.626 
0.645 
0.651 
0.63 
0.645 
0.591 
0.546 
0.638 
0.62 
0.609 
0.563 
0.624 
0.679 
0.617 
0.632 
0.594 
0.635 
0.602 
0.587 
0.719 
0.697 
0.595 
0.625 
0.631 
0.64 
0.641 
0.653 
0.593 
0.651 
0.59 
0.601 
0.574 
0.58 
0.535 
0.632 
0.617 
0.623 
0.679 
0.614 
0.582 
0.62 
0.606 
0.619 
0.603 
0.63 
0.572 
0.66 
0.578 
0.581 
0.635 
0.616 
0.585 
0.573 
0.603 
0.642 
0.613 
0.585 
0.557 
0.532 
0.585 
0.69 
0.652 
0.615 
0.748 
0.736 
0.682 
0.631 
0.641 
0.653 
0.637 
0.646 
0.576 
0.585 
0.714 
0.578 
0.617 
0.582 
0.585 
0.614 
0.689 
0.649 
0.687 
0.678 
0.631 
0.637 
0.64 
0.693 
0.645 
0.74 
0.625 
0.646 
0.686 
0.637 
0.65 
0.662 
0.564 
0.686 
0.653 
0.594 
0.586 
0.618 
0.74 
0.69 
0.668 
0.618 
0.661 
0.676 
0.684 
0.563 
0.597 
0.564 
0.593 
0.697 
0.731 
0.626 
0.628 
0.731 
0.734 
0.692 
0.665 
0.684 
0.59 
0.556 
0.623 
0.637 
0.676 
0.585 
0.691 
0.54 
0.697 
0.685 
0.737 
0.635 
0.65 
0.683 
0.612 
0.582 
0.546 
0.56 
0.61 
0.733 
0.634 
0.767 
0.7 
0.629 
0.709 
0.666 
0.578 
0.627 
0.63 
0.62 
0.615 
0.605 
0.604 
0.616 
0.657 
0.653 
0.602 
0.58 
0.608 
0.668 
0.614 
0.643 
0.629 
0.75 
0.696 
0.636 
0.741 
0.688 
0.677 
0.709 
0.665 
0.717 
0.68 
0.665 
0.678 
0.652 
0.606 
0.633 
0.646 
0.67 
0.619 
0.661 
0.637 
0.667 
0.652 
0.639 
0.551 
0.612 
0.579 
0.653 
0.564 
0.537 
0.642 
0.717 
0.561 
0.54 
0.595 
0.568 
0.471 
0.488 
0.638 
0.663 
0.691 
0.556 
0.675 
0.657 
0.768 
0.697 
0.633 
0.671 
0.605 
0.661 
0.632 
0.593 
0.568 
0.626 
0.677 
0.694 
0.658 
0.684 
0.724 
0.619 
0.628 
0.681 
0.704 
0.598 
0.635 
0.54 
0.6 
0.571 
0.613 
0.598 
0.594 
0.608 
0.601 
0.59 
0.7 
0.65 
0.67 
0.689 
0.664 
0.689 
0.667 
0.606 
0.653 
0.629 
0.598 
0.579 
0.528 
0.487 
0.523 
0.522 
0.573 
0.572 
0.566 
0.588 
0.597 
0.579 
0.537 
0.527 
0.544 
0.503 
0.493 
0.529 
0.499 
0.473 
0.515 
0.519 
0.502 
0.509 
0.512 
0.546 
0.546 
0.591 
0.568 
0.545 
0.547 
0.552 
0.528 
0.571 
0.544 
0.524 
0.538 
0.518 
0.483 
0.534 
0.484 
0.505 
0.503 
0.457 
0.551 
0.487 
0.459 
0.522 
0.506 
0.511 
0.494 
0.49 
0.511 
0.484 
0.517 
0.537 
0.544 
0.545 
0.502 
0.512 
0.531 
0.505 
0.473 
0.487 
0.491 
0.515 
0.53 
0.491 
0.49 
0.478 
0.489 
0.522 
0.464 
0.472 
0.464 
0.472 
0.495 
0.488 
0.464 
0.535 
0.507 
0.536 
0.511 
0.531 
0.529 
0.456 
0.453 
0.491 
0.474 
0.473 
0.529 
0.514 
0.524 
0.463 
0.505 
0.48 
0.481 
0.525 
0.524 
0.528 
0.483 
0.457 
0.49 
0.527 
0.482 
0.498 
0.545 
0.553 
0.558 
0.528 
0.541 
0.566 
0.585 
0.58 
0.555 
0.549 
0.493 
0.521 
0.565 
0.521 
0.535 
0.502 
0.506 
0.515 
0.517 
0.557 
0.504 
0.526 
0.487 
0.499 
0.479 
0.514 
0.538 
0.56 
0.521 
0.536 
0.483 
0.547 
0.549 
0.575 
0.531 
0.593 
0.546 
0.522 
0.528 
0.546 
0.544 
0.543 
0.519 
0.515 
0.498 
0.491 
0.502 
0.512 
0.468 
0.5 
0.499 
0.48 
0.51 
0.534 
0.452 
0.516 
0.597 
0.493 
0.511 
0.534 
0.501 
0.494 
0.49 
0.514 
0.535 
0.524 
0.55 
0.593 
0.542 
0.485 
0.523 
0.537 
0.595 
0.573 
0.566 
0.573 
0.553 
0.546 
0.527 
0.612 
0.552 
0.591 
0.586 
0.543 
0.571 
0.553 
0.564 
0.493 
0.561 
0.557 
0.552 
0.568 
0.582 
0.616 
0.612 
0.633 
0.61 
0.613 
0.643 
0.635 
0.666 
0.612 
0.689 
0.608 
0.675 
0.558 
0.538 
0.545 
0.572 
0.551 
0.496 
0.517 
0.564 
0.546 
0.631 
0.57 
0.513 
0.576 
0.48 
0.578 
0.584 
0.679 
0.678 
0.639 
0.743 
0.751 
0.633 
0.655 
0.681 
0.665 
0.643 
0.681 
0.611 
0.68 
0.684 
0.656 
0.615 
0.6 
0.703 
0.739 
0.736 
0.569 
0.61 
0.557 
0.654 
0.658 
0.589 
0.675 
0.619 
0.754 
0.672 
0.673 
0.702 
0.588 
0.654 
0.7 
0.688 
0.72 
0.745 
0.735 
0.618 
0.698 
0.633 
0.602 
0.575 
0.667 
0.727 
0.671 
0.637 
0.6 
0.636 
0.643 
0.609 
0.72 
0.637 
0.639 
0.702 
0.656 
0.649 
0.655 
0.589 
0.748 
0.635 
0.653 
0.755 
0.695 
0.747 
0.707 
0.676 
0.624 
0.566 
0.732 
0.694 
0.703 
0.621 
0.639 
0.687 
0.614 
0.682 
0.657 
0.659 
0.669 
0.703 
0.628 
0.632 
0.729 
0.702 
0.692 
0.702 
0.7 
0.628 
0.628 
0.661 
0.702 
0.673 
0.727 
0.661 
0.675 
0.635 
0.702 
0.665 
0.656 
0.675 
0.653 
0.585 
0.584 
0.651 
0.612 
0.585 
0.617 
0.639 
0.668 
0.687 
0.623 
0.657 
0.627 
0.584 
0.643 
0.606 
0.642 
0.74 
0.69 
0.583 
0.62 
0.675 
0.649 
0.612 
0.557 
0.633 
0.597 
0.694 
0.65 
0.645 
0.66 
0.655 
0.698 
0.667 
0.656 
0.585 
0.678 
0.65 
0.69 
0.606 
0.588 
0.626 
0.627 
0.578 
0.577 
0.613 
0.653 
0.676 
0.677 
0.707 
0.746 
0.626 
0.653 
0.614 
0.542 
0.535 
0.578 
0.649 
0.682 
0.699 
0.626 
0.599 
0.645 
0.578 
0.614 
0.655 
0.62 
0.595 
0.625 
0.583 
0.591 
0.604 
0.606 
0.565 
0.653 
0.659 
0.673 
0.614 
0.696 
0.66 
0.679 
0.615 
0.692 
0.766 
0.75 
0.671 
0.605 
0.728 
0.688 
0.695 
0.645 
0.662 
0.7 
0.677 
0.648 
0.57 
0.616 
0.639 
0.646 
0.679 
0.734 
0.769 
0.759 
0.68 
0.74 
0.742 
0.597 
0.66 
0.712 
0.731 
0.716 
0.609 
0.638 
0.617 
0.655 
0.625 
0.647 
0.626 
0.632 
0.681 
0.616 
0.671 
0.558 
0.555 
0.639 
0.682 
0.73 
0.689 
0.699 
0.629 
0.71 
0.623 
0.777 
0.59 
0.682 
0.62 
0.601 
0.594 
0.602 
0.652 
0.618 
0.623 
0.635 
0.584 
0.616 
0.612 
0.603 
0.603 
0.643 
0.595 
0.684 
0.638 
0.695 
0.715 
0.59 
0.578 
0.585 
0.634 
0.654 
0.634 
0.602 
0.667 
0.581 
0.584 
0.686 
0.613 
0.685 
0.678 
0.647 
0.749 
0.679 
0.678 
0.718 
0.617 
0.586 
0.729 
0.593 
0.574 
0.601 
0.742 
0.671 
0.687 
0.608 
0.581 
0.513 
0.53 
0.607 
0.62 
0.613 
0.663 
0.664 
0.631 
0.647 
0.64 
0.648 
0.662 
0.676 
0.595 
0.617 
0.626 
0.667 
0.625 
0.598 
0.56 
0.57 
0.594 
0.592 
0.577 
0.67 
0.678 
0.596 
0.685 
0.638 
0.693 
0.786 
0.676 
0.603 
0.725 
0.648 
0.674 
0.638 
0.646 
0.642 
0.675 
0.639 
0.664 
0.661 
0.693 
0.597 
0.662 
0.641 
0.65 
0.692 
0.655 
0.598 
0.677 
0.778 
0.674 
0.559 
0.681 
0.693 
0.655 
0.73 
0.715 
0.741 
0.737 
0.649 
0.645 
0.696 
0.749 
0.624 
0.74 
0.697 
0.608 
0.67 
0.616 
0.635 
0.632 
0.64 
0.672 
0.626 
0.686 
0.586 
0.563 
0.655 
0.642 
0.635 
0.652 
0.663 
0.704 
0.689 
0.684 
0.749 
0.63 
0.676 
0.69 
0.7 
0.679 
0.641 
0.6 
0.591 
0.601 
0.575 
0.678 
0.725 
0.59 
0.629 
0.623 
0.549 
0.608 
0.624 
0.737 
0.693 
0.666 
0.695 
0.721 
0.649 
0.715 
0.669 
0.63 
0.655 
0.642 
0.568 
0.615 
0.627 
0.531 
0.606 
0.589 
0.598 
0.637 
0.595 
0.598 
0.671 
0.683 
0.665 
0.646 
0.627 
0.658 
0.648 
0.611 
0.621 
0.637 
0.664 
0.646 
0.635 
0.554 
0.636 
0.669 
0.715 
0.771 
0.739 
0.769 
0.683 
0.569 
0.712 
0.691 
0.788 
0.704 
0.633 
0.616 
0.638 
0.706 
0.668 
0.581 
0.513 
0.583 
0.614 
0.637 
0.702 
0.681 
0.596 
0.675 
0.608 
0.619 
0.614 
0.669 
0.66 
0.673 
0.662 
0.62 
0.62 
0.668 
0.717 
0.702 
0.729 
0.761 
0.698 
0.698 
0.75 
0.772 
0.706 
0.708 
0.651 
0.726 
0.663 
0.668 
0.687 
0.687 
0.575 
0.559 
0.557 
0.64 
0.589 
0.585 
0.647 
0.62 
0.651 
0.63 
0.551 
0.597 
0.589 
0.643 
0.546 
0.538 
0.548 
0.57 
0.59 
0.574 
0.526 
0.554 
0.567 
0.589 
0.59 
0.61 
0.622 
0.62 
0.747 
0.727 
0.623 
0.578 
0.633 
0.69 
0.645 
0.646 
0.667 
0.671 
0.721 
0.623 
0.57 
0.525 
0.596 
0.568 
0.587 
0.569 
0.519 
0.566 
0.603 
0.602 
0.603 
0.648 
0.687 
0.726 
0.691 
0.697 
0.754 
0.722 
0.677 
0.741 
0.652 
0.625 
0.622 
0.577 
0.532 
0.553 
0.499 
0.555 
0.615 
0.622 
0.568 
0.636 
0.616 
0.597 
0.629 
0.648 
0.718 
0.686 
0.692 
0.786 
0.689 
0.687 
0.681 
0.643 
0.672 
0.623 
0.533 
0.497 
0.616 
0.609 
0.655 
0.714 
0.732 
0.663 
0.573 
0.639 
0.712 
0.646 
0.676 
0.735 
0.69 
0.702 
0.711 
0.687 
0.729 
0.648 
0.626 
0.608 
0.529 
0.584 
0.6 
0.651 
0.653 
0.634 
0.697 
0.603 
0.623 
0.558 
0.546 
0.529 
0.61 
0.578 
0.616 
0.606 
0.684 
0.612 
0.653 
0.659 
0.664 
0.743 
0.658 
0.713 
0.689 
0.673 
0.642 
0.723 
0.79 
0.727 
0.696 
0.688 
0.758 
0.661 
0.659 
0.733 
0.702 
0.751 
0.713 
0.716 
0.699 
0.743 
0.671 
0.69 
0.656 
0.687 
0.681 
0.722 
0.653 
0.666 
0.582 
0.582 
0.784 
0.742 
0.695 
0.63 
0.663 
0.683 
0.605 
0.647 
0.644 
0.597 
0.719 
0.761 
0.762 
0.629 
0.626 
0.638 
0.64 
0.632 
0.707 
0.678 
0.7 
0.624 
0.692 
0.674 
0.689 
0.665 
0.615 
0.659 
0.659 
0.669 
0.693 
0.627 
0.66 
0.63 
0.644 
0.59 
0.6 
0.622 
0.679 
0.654 
0.676 
0.613 
0.635 
0.531 
0.622 
0.663 
0.653 
0.731 
0.621 
0.69 
0.661 
0.631 
0.713 
0.652 
0.62 
0.613 
0.638 
0.664 
0.616 
0.685 
0.634 
0.667 
0.656 
0.654 
0.684 
0.724 
0.655 
0.679 
0.654 
0.636 
0.668 
0.682 
0.655 
0.617 
0.679 
0.635 
0.758 
0.67 
0.603 
0.593 
0.632 
0.56 
0.595 
0.588 
0.684 
0.629 
0.679 
0.763 
0.718 
0.707 
0.662 
0.578 
0.614 
0.61 
0.628 
0.677 
0.679 
0.635 
0.752 
0.679 
0.62 
0.673 
0.717 
0.629 
0.736 
0.668 
0.621 
0.664 
0.689 
0.719 
0.689 
0.761 
0.721 
0.707 
0.691 
0.654 
0.681 
0.696 
0.733 
0.645 
0.653 
0.658 
0.588 
0.65 
0.652 
0.675 
0.696 
0.602 
0.712 
0.691 
0.638 
0.737 
0.679 
0.661 
0.644 
0.611 
0.552 
0.589 
0.62 
0.65 
0.599 
0.584 
0.632 
0.758 
0.727 
0.652 
0.618 
0.665 
0.699 
0.71 
0.693 
0.712 
0.697 
0.732 
0.73 
0.664 
0.727 
0.623 
0.732 
0.669 
0.732 
0.66 
0.603 
0.772 
0.623 
0.582 
0.664 
0.664 
0.628 
0.56 
0.641 
0.618 
0.599 
0.746 
0.711 
0.728 
0.784 
0.617 
0.625 
0.57 
0.618 
0.527 
0.598 
0.648 
0.647 
0.732 
0.708 
0.7 
0.71 
0.658 
0.638 
0.693 
0.71 
0.639 
0.692 
0.729 
0.626 
0.658 
0.683 
0.663 
0.653 
0.655 
0.636 
0.57 
0.547 
0.563 
0.571 
0.545 
0.594 
0.585 
0.641 
0.67 
0.61 
0.643 
0.668 
0.716 
0.64 
0.626 
0.619 
0.665 
0.682 
0.631 
0.584 
0.606 
0.57 
0.617 
0.687 
0.659 
0.663 
0.626 
0.652 
0.749 
0.684 
0.617 
0.697 
0.671 
0.741 
0.579 
0.654 
0.648 
0.601 
0.704 
0.665 
0.693 
0.673 
0.674 
0.704 
0.769 
0.601 
0.74 
0.627 
0.631 
0.668 
0.662 
0.656 
0.686 
0.669 
0.608 
0.654 
0.634 
0.631 
0.648 
0.62 
0.593 
0.62 
0.721 
0.75 
0.688 
0.617 
0.579 
0.639 
0.66 
0.638 
0.596 
0.732 
0.659 
0.643 
0.578 
0.551 
0.548 
0.561 
0.557 
0.559 
0.593 
0.626 
0.624 
0.652 
0.666 
0.631 
0.559 
0.567 
0.641 
0.731 
0.743 
0.655 
0.624 
0.664 
0.615 
0.673 
0.67 
0.616 
0.652 
0.646 
0.658 
0.642 
0.643 
0.683 
0.64 
0.662 
0.631 
0.674 
0.698 
0.729 
0.733 
0.719 
0.71 
0.636 
0.686 
0.7 
0.694 
0.669 
0.671 
0.709 
0.707 
0.683 
0.734 
0.658 
0.674 
0.732 
0.587 
0.583 
0.693 
0.734 
0.675 
0.638 
0.605 
0.644 
0.655 
0.701 
0.662 
0.648 
0.63 
0.59 
0.684 
0.731 
0.715 
0.593 
0.711 
0.704 
0.691 
0.66 
0.632 
0.649 
0.703 
0.613 
0.626 
0.742 
0.713 
0.677 
0.698 
0.64 
0.667 
0.754 
0.68 
0.729 
0.658 
0.667 
0.579 
0.726 
0.789 
0.729 
0.724 
0.734 
0.709 
0.72 
0.652 
0.7 
0.671 
0.737 
0.624 
0.65 
0.614 
0.727 
0.637 
0.728 
0.676 
0.713 
0.608 
0.69 
0.707 
0.697 
0.733 
0.72 
0.641 
0.719 
0.677 
0.667 
0.643 
0.621 
0.635 
0.642 
0.598 
0.684 
0.645 
0.643 
0.574 
0.665 
0.644 
0.666 
0.677 
0.642 
0.707 
0.706 
0.626 
0.57 
0.593 
0.592 
0.602 
0.621 
0.662 
0.664 
0.74 
0.669 
0.729 
0.651 
0.646 
0.68 
0.665 
0.716 
0.68 
0.677 
0.626 
0.744 
0.659 
0.747 
0.566 
0.64 
0.704 
0.716 
0.659 
0.674 
0.723 
0.715 
0.659 
0.612 
0.622 
0.794 
0.618 
0.585 
0.595 
0.606 
0.625 
0.6 
0.657 
0.601 
0.678 
0.74 
0.709 
0.632 
0.668 
0.664 
0.631 
0.717 
0.75 
0.679 
0.702 
0.688 
0.688 
0.754 
0.667 
0.688 
0.657 
0.583 
0.653 
0.626 
0.656 
0.68 
0.592 
0.678 
0.684 
0.64 
0.668 
0.653 
0.641 
0.678 
0.612 
0.611 
0.69 
0.752 
0.709 
0.696 
0.707 
0.68 
0.616 
0.686 
0.658 
0.739 
0.661 
0.739 
0.694 
0.664 
0.592 
0.621 
0.707 
0.722 
0.702 
0.735 
0.691 
0.64 
0.723 
0.648 
0.73 
0.674 
0.665 
0.679 
0.771 
0.695 
0.659 
0.65 
0.653 
0.636 
0.641 
0.647 
0.626 
0.648 
0.608 
0.626 
0.645 
0.625 
0.69 
0.679 
0.593 
0.62 
0.662 
0.596 
0.622 
0.649 
0.66 
0.689 
0.661 
0.632 
0.571 
0.603 
0.6 
0.731 
0.665 
0.645 
0.612 
0.661 
0.64 
0.797 
0.724 
0.662 
0.685 
0.738 
0.664 
0.665 
0.707 
0.609 
0.667 
0.631 
0.598 
0.595 
0.576 
0.707 
0.657 
0.733 
0.651 
0.672 
0.702 
0.64 
0.647 
0.617 
0.611 
0.66 
0.718 
0.675 
0.583 
0.545 
0.602 
0.789 
0.731 
0.728 
0.745 
0.64 
0.627 
0.719 
0.641 
0.686 
0.64 
0.63 
0.617 
0.701 
0.729 
0.63 
0.695 
0.65 
0.724 
0.695 
0.629 
0.653 
0.57 
0.609 
0.628 
0.663 
0.656 
0.596 
0.652 
0.639 
0.629 
0.613 
0.611 
0.656 
