0.146 
0.175 
0.185 
0.192 
0.178 
0.177 
0.181 
0.172 
0.209 
0.216 
0.212 
0.233 
0.238 
0.212 
0.222 
0.254 
0.259 
0.283 
0.231 
0.269 
0.262 
0.286 
0.305 
0.281 
0.25 
0.278 
0.274 
0.262 
0.239 
0.275 
0.261 
0.259 
0.261 
0.285 
0.298 
0.308 
0.309 
0.328 
0.295 
0.317 
0.302 
0.31 
0.304 
0.296 
0.342 
0.304 
0.276 
0.342 
0.296 
0.28 
0.292 
0.274 
0.281 
0.322 
0.313 
0.32 
0.338 
0.327 
0.334 
0.335 
0.323 
0.316 
0.317 
0.316 
0.357 
0.359 
0.348 
0.366 
0.393 
0.396 
0.377 
0.349 
0.35 
0.341 
0.357 
0.34 
0.342 
0.334 
0.364 
0.363 
0.363 
0.391 
0.362 
0.367 
0.401 
0.359 
0.346 
0.372 
0.385 
0.339 
0.41 
0.424 
0.411 
0.38 
0.396 
0.39 
0.403 
0.401 
0.415 
0.385 
0.403 
0.352 
0.353 
0.354 
0.305 
0.324 
0.34 
0.339 
0.384 
0.342 
0.35 
0.367 
0.364 
0.362 
0.371 
0.384 
0.411 
0.411 
0.38 
0.369 
0.387 
0.384 
0.408 
0.384 
0.376 
0.389 
0.354 
0.347 
0.315 
0.287 
0.292 
0.287 
0.314 
0.307 
0.32 
0.356 
0.325 
0.296 
0.294 
0.32 
0.317 
0.358 
0.355 
0.337 
0.361 
0.4 
0.375 
0.356 
0.392 
0.396 
0.362 
0.363 
0.372 
0.376 
0.368 
0.382 
0.309 
0.377 
0.329 
0.323 
0.337 
0.345 
0.308 
0.33 
0.272 
0.318 
0.287 
0.305 
0.259 
0.272 
0.289 
0.282 
0.272 
0.29 
0.292 
0.277 
0.282 
0.26 
0.278 
0.261 
0.258 
0.262 
0.255 
0.262 
0.282 
0.28 
0.277 
0.298 
0.253 
0.306 
0.297 
0.306 
0.328 
0.318 
0.327 
0.278 
0.315 
0.283 
0.288 
0.288 
0.3 
0.296 
0.288 
0.295 
0.307 
0.305 
0.299 
0.28 
0.308 
0.293 
0.308 
0.296 
0.32 
0.292 
0.286 
0.3 
0.297 
0.285 
0.287 
0.336 
0.311 
0.301 
0.348 
0.336 
0.31 
0.334 
0.334 
0.341 
0.41 
0.382 
0.347 
0.323 
0.307 
0.362 
0.366 
0.353 
0.375 
0.345 
0.357 
0.341 
0.366 
0.407 
0.379 
0.485 
0.599 
0.516 
0.425 
0.475 
0.485 
0.467 
0.492 
0.428 
0.485 
0.413 
0.403 
0.482 
0.547 
0.489 
0.442 
0.457 
0.42 
0.44 
0.416 
0.475 
0.601 
0.564 
0.524 
0.542 
0.512 
0.52 
0.555 
0.518 
0.519 
0.595 
0.52 
0.611 
0.531 
0.494 
0.518 
0.47 
0.442 
0.46 
0.484 
0.494 
0.508 
0.557 
0.541 
0.532 
0.422 
0.379 
0.414 
0.412 
0.428 
0.465 
0.471 
0.369 
0.388 
0.424 
0.503 
0.573 
0.612 
0.564 
0.449 
0.454 
0.439 
0.386 
0.393 
0.382 
0.427 
0.482 
0.389 
0.382 
0.347 
0.384 
0.391 
0.345 
0.369 
0.379 
0.373 
0.429 
0.473 
0.482 
0.434 
0.494 
0.485 
0.435 
0.409 
0.418 
0.47 
0.441 
0.485 
0.434 
0.466 
0.465 
0.47 
0.484 
0.476 
0.472 
0.405 
0.439 
0.4 
0.381 
0.382 
0.4 
0.414 
0.538 
0.53 
0.562 
0.532 
0.495 
0.54 
0.476 
0.566 
0.594 
0.546 
0.569 
0.539 
0.606 
0.532 
0.506 
0.493 
0.445 
0.447 
0.473 
0.403 
0.424 
0.471 
0.433 
0.465 
0.388 
0.457 
0.526 
0.45 
0.411 
0.5 
0.508 
0.55 
0.52 
0.503 
0.475 
0.494 
0.531 
0.477 
0.379 
0.443 
0.491 
0.427 
0.426 
0.388 
0.428 
0.354 
0.351 
0.36 
0.428 
0.433 
0.444 
0.432 
0.371 
0.389 
0.37 
0.409 
0.412 
0.373 
0.36 
0.411 
0.354 
0.341 
0.403 
0.381 
0.445 
0.379 
0.37 
0.353 
0.393 
0.355 
0.349 
0.399 
0.427 
0.442 
0.364 
0.408 
0.422 
0.358 
0.407 
0.396 
0.363 
0.288 
0.365 
0.378 
0.358 
0.314 
0.384 
0.364 
0.326 
0.344 
0.403 
0.372 
0.355 
0.412 
0.413 
0.448 
0.361 
0.445 
0.404 
0.379 
0.424 
0.399 
0.424 
0.427 
0.403 
0.405 
0.369 
0.381 
0.34 
0.356 
0.383 
0.393 
0.352 
0.392 
0.422 
0.366 
0.386 
0.374 
0.382 
0.384 
0.369 
0.438 
0.431 
0.424 
0.393 
0.427 
0.385 
0.34 
0.296 
0.363 
0.355 
0.334 
0.338 
0.345 
0.372 
0.394 
0.372 
0.38 
0.371 
0.381 
0.335 
0.423 
0.4 
0.373 
0.365 
0.389 
0.397 
0.399 
0.359 
0.415 
0.408 
0.411 
0.387 
0.394 
0.337 
0.349 
0.385 
0.413 
0.38 
0.383 
0.418 
0.36 
0.392 
0.426 
0.39 
0.385 
0.363 
0.402 
0.392 
0.398 
0.386 
0.392 
0.403 
0.395 
0.392 
0.394 
0.365 
0.393 
0.401 
0.4 
0.381 
0.376 
0.398 
0.409 
0.383 
0.402 
0.372 
0.381 
0.361 
0.346 
0.426 
0.4 
0.404 
0.38 
0.405 
0.379 
0.385 
0.39 
0.356 
0.362 
0.399 
0.414 
0.446 
0.377 
0.38 
0.4 
0.389 
0.397 
0.436 
0.508 
0.605 
0.541 
0.491 
0.387 
0.391 
0.408 
0.362 
0.415 
0.377 
0.4 
0.43 
0.323 
0.39 
0.451 
0.496 
0.515 
0.467 
0.507 
0.471 
0.441 
0.4 
0.423 
0.382 
0.463 
0.553 
0.479 
0.447 
0.39 
0.53 
0.519 
0.575 
0.59 
0.514 
0.587 
0.642 
0.592 
0.594 
0.537 
0.628 
0.584 
0.517 
0.445 
0.49 
0.482 
0.604 
0.555 
0.519 
0.476 
0.46 
0.409 
0.371 
0.362 
0.443 
0.344 
0.375 
0.452 
0.423 
0.428 
0.418 
0.351 
0.359 
0.369 
0.395 
0.39 
0.382 
0.335 
0.309 
0.425 
0.464 
0.531 
0.416 
0.471 
0.58 
0.495 
0.659 
0.594 
0.611 
0.619 
0.548 
0.529 
0.528 
0.536 
0.573 
0.51 
0.437 
0.557 
0.611 
0.657 
0.471 
0.534 
0.574 
0.604 
0.485 
0.658 
0.52 
0.589 
0.564 
0.544 
0.507 
0.499 
0.431 
0.482 
0.483 
0.484 
0.678 
0.565 
0.622 
0.59 
0.607 
0.601 
0.587 
0.563 
0.563 
0.532 
0.51 
0.633 
0.548 
0.499 
0.608 
0.535 
0.583 
0.634 
0.563 
0.564 
0.531 
0.589 
0.549 
0.594 
0.524 
0.579 
0.626 
0.59 
0.526 
0.524 
0.526 
0.647 
0.63 
0.637 
0.589 
0.602 
0.468 
0.493 
0.453 
0.452 
0.432 
0.419 
0.414 
0.496 
0.377 
0.457 
0.506 
0.481 
0.423 
0.463 
0.478 
0.435 
0.416 
0.504 
0.466 
0.45 
0.497 
0.515 
0.51 
0.49 
0.516 
0.511 
0.536 
0.515 
0.533 
0.529 
0.537 
0.616 
0.534 
0.481 
0.582 
0.49 
0.46 
0.569 
0.509 
0.51 
0.578 
0.55 
0.53 
0.574 
0.569 
0.61 
0.624 
0.547 
0.557 
0.509 
0.669 
0.577 
0.523 
0.574 
0.614 
0.578 
0.499 
0.575 
0.559 
0.484 
0.602 
0.476 
0.555 
0.403 
0.511 
0.57 
0.637 
0.589 
0.622 
0.644 
0.621 
0.512 
0.618 
0.638 
0.48 
0.51 
0.616 
0.551 
0.473 
0.509 
0.561 
0.579 
0.586 
0.505 
0.524 
0.534 
0.451 
0.529 
0.483 
0.62 
0.572 
0.533 
0.505 
0.503 
0.368 
0.524 
0.477 
0.503 
0.551 
0.471 
0.562 
0.586 
0.671 
0.513 
0.444 
0.495 
0.446 
0.518 
0.497 
0.58 
0.468 
0.487 
0.516 
0.507 
0.538 
0.544 
0.517 
0.474 
0.523 
0.58 
0.634 
0.58 
0.585 
0.538 
0.531 
0.589 
0.502 
0.47 
0.441 
0.476 
0.566 
0.622 
0.615 
0.518 
0.489 
0.626 
0.574 
0.646 
0.597 
0.601 
0.565 
0.454 
0.392 
0.491 
0.474 
0.604 
0.635 
0.554 
0.439 
0.415 
0.425 
0.44 
0.446 
0.482 
0.476 
0.482 
0.491 
0.595 
0.56 
0.531 
0.589 
0.533 
0.444 
0.445 
0.478 
0.456 
0.462 
0.536 
0.454 
0.61 
0.511 
0.474 
0.534 
0.609 
0.518 
0.546 
0.538 
0.535 
0.576 
0.545 
0.465 
0.551 
0.548 
0.504 
0.568 
0.635 
0.631 
0.513 
0.442 
0.422 
0.438 
0.433 
0.493 
0.487 
0.487 
0.351 
0.35 
0.367 
0.428 
0.47 
0.428 
0.414 
0.481 
0.454 
0.47 
0.416 
0.501 
0.473 
0.391 
0.392 
0.442 
0.442 
0.459 
0.438 
0.395 
0.428 
0.392 
0.394 
0.365 
0.392 
0.341 
0.377 
0.378 
0.388 
0.399 
0.389 
0.398 
0.357 
0.379 
0.391 
0.356 
0.423 
0.413 
0.46 
0.425 
0.41 
0.41 
0.468 
0.424 
0.506 
0.572 
0.506 
0.532 
0.541 
0.573 
0.528 
0.444 
0.567 
0.594 
0.615 
0.474 
0.566 
0.447 
0.403 
0.381 
0.439 
0.424 
0.428 
0.343 
0.328 
0.346 
0.382 
0.392 
0.4 
0.437 
0.575 
0.637 
0.549 
0.475 
0.525 
0.419 
0.522 
0.634 
0.508 
0.61 
0.61 
0.592 
0.505 
0.432 
0.562 
0.531 
0.441 
0.482 
0.606 
0.495 
0.436 
0.434 
0.44 
0.459 
0.46 
0.438 
0.442 
0.417 
0.387 
0.401 
0.395 
0.388 
0.381 
0.42 
0.418 
0.406 
0.34 
0.373 
0.41 
0.409 
0.455 
0.429 
0.411 
0.446 
0.418 
0.414 
0.445 
0.42 
0.436 
0.354 
0.451 
0.433 
0.474 
0.502 
0.491 
0.432 
0.493 
0.484 
0.432 
0.413 
0.421 
0.396 
0.343 
0.376 
0.359 
0.357 
0.344 
0.353 
0.33 
0.359 
0.353 
0.321 
0.309 
0.388 
0.332 
0.327 
0.342 
0.338 
0.34 
0.38 
0.378 
0.396 
0.354 
0.351 
0.355 
0.326 
0.395 
0.391 
0.352 
0.295 
0.279 
0.337 
0.322 
0.319 
0.287 
0.316 
0.379 
0.382 
0.396 
0.464 
0.477 
0.452 
0.419 
0.458 
0.438 
0.422 
0.415 
0.443 
0.432 
0.422 
0.454 
0.467 
0.446 
0.444 
0.438 
0.347 
0.402 
0.388 
0.472 
0.462 
0.457 
0.446 
0.442 
0.48 
0.434 
0.449 
0.426 
0.394 
0.427 
0.422 
0.397 
0.388 
0.416 
0.427 
0.348 
0.357 
0.377 
0.374 
0.388 
0.413 
0.392 
0.404 
0.457 
0.448 
0.362 
0.466 
0.435 
0.462 
0.453 
0.44 
0.483 
0.495 
0.509 
0.517 
0.462 
0.492 
0.474 
0.543 
0.44 
0.492 
0.45 
0.517 
0.432 
0.468 
0.402 
0.445 
0.495 
0.433 
0.477 
0.429 
0.403 
0.421 
0.577 
0.545 
0.614 
0.475 
0.594 
0.672 
0.566 
0.489 
0.432 
0.416 
0.372 
0.341 
0.376 
0.382 
0.338 
0.353 
0.361 
0.347 
0.371 
0.374 
0.369 
0.389 
0.415 
0.416 
0.39 
0.325 
0.364 
0.377 
0.405 
0.389 
0.343 
0.365 
0.432 
0.407 
0.355 
0.447 
0.48 
0.601 
0.5 
0.499 
0.612 
0.532 
0.593 
0.574 
0.558 
0.642 
0.527 
0.556 
0.589 
0.591 
0.549 
0.577 
0.486 
0.496 
0.517 
0.459 
0.483 
0.435 
0.404 
0.457 
0.465 
0.541 
0.559 
0.547 
0.515 
0.613 
0.525 
0.494 
0.517 
0.51 
0.555 
0.596 
0.545 
0.55 
0.617 
0.649 
0.571 
0.505 
0.559 
0.562 
0.479 
0.411 
0.433 
0.482 
0.505 
0.523 
0.642 
0.631 
0.629 
0.626 
0.664 
0.492 
0.54 
0.51 
0.517 
0.506 
0.45 
0.602 
0.638 
0.505 
0.67 
0.551 
0.569 
0.665 
0.533 
0.546 
0.62 
0.531 
0.537 
0.612 
0.618 
0.603 
0.621 
0.545 
0.601 
0.584 
0.593 
0.624 
0.553 
0.516 
0.581 
0.621 
0.529 
0.596 
0.578 
0.579 
0.514 
0.546 
0.426 
0.463 
0.549 
0.514 
0.638 
0.574 
0.522 
0.554 
0.519 
0.535 
0.529 
0.482 
0.532 
0.47 
0.615 
0.618 
0.613 
0.629 
0.523 
0.588 
0.614 
0.557 
0.558 
0.532 
0.554 
0.582 
0.552 
0.479 
0.522 
0.546 
0.516 
0.591 
0.547 
0.67 
0.585 
0.617 
0.542 
0.588 
0.552 
0.644 
0.615 
0.544 
0.514 
0.547 
0.483 
0.498 
0.558 
0.594 
0.536 
0.557 
0.565 
0.665 
0.461 
0.471 
0.458 
0.503 
0.46 
0.566 
0.429 
0.457 
0.471 
0.544 
0.617 
0.553 
0.485 
0.457 
0.469 
0.508 
0.5 
0.51 
0.551 
0.54 
0.46 
0.473 
0.49 
0.467 
0.384 
0.432 
0.513 
0.514 
0.579 
0.605 
0.578 
0.518 
0.473 
0.458 
0.389 
0.561 
0.583 
0.585 
0.501 
0.555 
0.53 
0.636 
0.574 
0.577 
0.661 
0.511 
0.511 
0.467 
0.471 
0.457 
0.404 
0.435 
0.349 
0.4 
0.443 
0.467 
0.4 
0.421 
0.371 
0.4 
0.357 
0.381 
0.366 
0.384 
0.381 
0.381 
0.379 
0.407 
0.407 
0.376 
0.343 
0.401 
0.423 
0.384 
0.41 
0.415 
0.434 
0.384 
0.402 
0.404 
0.412 
0.388 
0.386 
0.359 
0.358 
0.381 
0.376 
0.388 
0.377 
0.365 
0.292 
0.375 
0.356 
0.311 
0.362 
0.377 
0.41 
0.42 
0.382 
0.437 
0.409 
0.373 
0.433 
0.391 
0.384 
0.39 
0.382 
0.38 
0.379 
0.408 
0.385 
0.381 
0.406 
0.383 
0.365 
0.345 
0.364 
0.341 
0.357 
0.343 
0.356 
0.377 
0.353 
0.393 
0.368 
0.346 
0.363 
0.34 
0.353 
0.346 
0.317 
0.319 
0.316 
0.309 
0.341 
0.339 
0.339 
0.355 
0.364 
0.35 
0.315 
0.341 
0.382 
0.375 
0.38 
0.363 
0.349 
0.363 
0.378 
0.373 
0.356 
0.342 
0.369 
0.353 
0.293 
0.341 
0.351 
0.318 
0.331 
0.353 
0.315 
0.339 
0.332 
0.305 
0.314 
0.335 
0.352 
0.351 
0.399 
0.371 
0.327 
0.348 
0.386 
0.358 
0.34 
0.334 
0.362 
0.335 
0.373 
0.328 
0.378 
0.354 
0.362 
0.371 
0.409 
0.377 
0.41 
0.401 
0.413 
0.411 
0.424 
0.407 
0.455 
0.447 
0.467 
0.47 
0.413 
0.44 
0.443 
0.425 
0.443 
0.38 
0.418 
0.397 
0.435 
0.398 
0.324 
0.387 
0.405 
0.384 
0.403 
0.409 
0.391 
0.375 
0.386 
0.416 
0.368 
0.414 
0.412 
0.383 
0.379 
0.388 
0.419 
0.403 
0.412 
0.38 
0.403 
0.402 
0.446 
0.439 
0.445 
0.461 
0.461 
0.476 
0.502 
0.566 
0.49 
0.489 
0.516 
0.416 
0.508 
0.502 
0.467 
0.484 
0.519 
0.529 
0.485 
0.471 
0.422 
0.427 
0.533 
0.59 
0.584 
0.597 
0.571 
0.537 
0.496 
0.535 
0.607 
0.556 
0.517 
0.5 
0.407 
0.403 
0.441 
0.537 
0.528 
0.537 
0.565 
0.598 
0.547 
0.603 
0.615 
0.669 
0.676 
0.539 
0.651 
0.533 
0.577 
0.605 
0.567 
0.567 
0.502 
0.495 
0.491 
0.589 
0.562 
0.62 
0.556 
0.48 
0.553 
0.488 
0.594 
0.572 
0.511 
0.548 
0.575 
0.514 
0.595 
0.557 
0.577 
0.583 
0.622 
0.602 
0.599 
0.557 
0.546 
0.482 
0.462 
0.522 
0.6 
0.535 
0.656 
0.626 
0.56 
0.477 
0.503 
0.509 
0.538 
0.513 
0.558 
0.523 
0.631 
0.625 
0.592 
0.549 
0.606 
0.574 
0.62 
0.59 
0.597 
0.539 
0.556 
0.638 
0.502 
0.579 
0.446 
0.443 
0.451 
0.439 
0.432 
0.358 
0.382 
0.475 
0.469 
0.382 
0.43 
0.434 
0.529 
0.568 
0.531 
0.552 
0.483 
0.434 
0.5 
0.546 
0.509 
0.568 
0.556 
0.606 
0.557 
0.53 
0.539 
0.686 
0.562 
0.62 
0.603 
0.473 
0.478 
0.509 
0.561 
0.513 
0.605 
0.5 
0.633 
0.613 
0.548 
0.634 
0.603 
0.515 
0.597 
0.508 
0.496 
0.461 
0.53 
0.579 
0.544 
0.574 
0.585 
0.564 
0.568 
0.573 
0.594 
0.559 
0.468 
0.505 
0.542 
0.529 
0.543 
0.519 
0.489 
0.59 
0.613 
0.543 
0.521 
0.574 
0.489 
0.404 
0.409 
0.522 
0.524 
0.538 
0.434 
0.497 
0.495 
0.592 
0.499 
0.44 
0.48 
0.479 
0.48 
0.613 
0.509 
0.445 
0.421 
0.565 
0.488 
0.41 
0.398 
0.359 
0.413 
0.459 
0.426 
0.449 
0.454 
0.431 
0.414 
0.465 
0.398 
0.431 
0.444 
0.49 
0.472 
0.48 
0.512 
0.447 
0.46 
0.489 
0.508 
0.468 
0.54 
0.483 
0.534 
0.586 
0.498 
0.589 
0.597 
0.588 
0.571 
0.489 
0.61 
0.579 
0.593 
0.562 
0.614 
0.606 
0.639 
0.552 
0.478 
0.402 
0.453 
0.517 
0.615 
0.636 
0.515 
0.479 
0.443 
0.44 
0.38 
0.394 
0.493 
0.542 
0.506 
0.575 
0.511 
0.559 
0.624 
0.558 
0.469 
0.536 
0.567 
0.539 
0.462 
0.444 
0.385 
0.409 
0.467 
0.421 
0.551 
0.538 
0.499 
0.423 
0.434 
0.506 
0.527 
0.47 
0.472 
0.447 
0.484 
0.493 
0.544 
0.535 
0.497 
0.494 
0.498 
0.492 
0.531 
0.553 
0.488 
0.512 
0.54 
0.565 
0.606 
0.584 
0.545 
0.596 
0.585 
0.528 
0.416 
0.456 
0.498 
0.472 
0.501 
0.441 
0.563 
0.47 
0.505 
0.442 
0.612 
0.577 
0.6 
0.614 
0.528 
0.475 
0.496 
0.492 
0.513 
0.552 
0.623 
0.578 
0.538 
0.551 
0.548 
0.516 
0.539 
0.513 
0.533 
0.542 
0.532 
0.449 
0.492 
0.602 
0.573 
0.525 
0.551 
0.502 
0.622 
0.657 
0.627 
0.657 
0.698 
0.63 
0.526 
0.482 
0.509 
0.497 
0.452 
0.552 
0.653 
0.581 
0.547 
0.601 
0.559 
0.507 
0.436 
0.508 
0.484 
0.418 
0.465 
0.521 
0.53 
0.414 
0.474 
0.562 
0.571 
0.629 
0.66 
0.625 
0.616 
0.544 
0.609 
0.514 
0.506 
0.54 
0.638 
0.585 
0.612 
0.44 
0.481 
0.445 
0.405 
0.419 
0.469 
0.541 
0.436 
0.462 
0.467 
0.505 
0.501 
0.54 
0.549 
0.539 
0.746 
0.628 
0.576 
0.639 
0.642 
0.479 
0.54 
0.582 
0.547 
0.569 
0.466 
0.549 
0.468 
0.539 
0.576 
0.532 
0.503 
0.555 
0.502 
0.591 
0.655 
0.618 
0.601 
0.595 
0.622 
0.608 
0.59 
0.519 
0.643 
0.581 
0.624 
0.61 
0.66 
0.656 
0.604 
0.602 
0.591 
0.584 
0.571 
0.609 
0.527 
0.59 
0.529 
0.542 
0.504 
0.544 
0.495 
0.498 
0.497 
0.467 
0.591 
0.683 
0.637 
0.66 
0.671 
0.578 
0.55 
0.612 
0.468 
0.564 
0.633 
0.652 
0.602 
0.623 
0.693 
0.663 
0.644 
0.697 
0.627 
0.678 
0.641 
0.654 
0.619 
0.606 
0.619 
0.598 
0.619 
0.594 
0.558 
0.42 
0.381 
0.431 
0.425 
0.422 
0.456 
0.424 
0.513 
0.434 
0.431 
0.523 
0.591 
0.663 
0.603 
0.657 
0.486 
0.598 
0.617 
0.654 
0.617 
0.581 
0.524 
0.471 
0.565 
0.592 
0.6 
0.589 
0.617 
0.608 
0.575 
0.565 
0.643 
0.57 
0.646 
0.49 
0.419 
0.435 
0.513 
0.463 
0.449 
0.454 
0.437 
0.555 
0.533 
0.509 
0.581 
0.506 
0.514 
0.525 
0.514 
0.524 
0.575 
0.629 
0.538 
0.537 
0.638 
0.601 
0.622 
0.621 
0.559 
0.657 
0.623 
0.582 
0.532 
0.599 
0.527 
0.508 
0.593 
0.58 
0.546 
0.59 
0.644 
0.671 
0.627 
0.633 
0.537 
0.515 
0.574 
0.564 
0.522 
0.447 
0.508 
0.464 
0.513 
0.461 
0.433 
0.405 
0.439 
0.509 
0.617 
0.654 
0.502 
0.548 
0.45 
0.459 
0.467 
0.462 
0.541 
0.491 
0.443 
0.401 
0.438 
0.542 
0.567 
0.577 
0.5 
0.502 
0.483 
0.41 
0.55 
0.547 
0.591 
0.611 
0.639 
0.727 
0.546 
0.64 
0.67 
0.577 
0.644 
0.516 
0.484 
0.428 
0.536 
0.486 
0.476 
0.46 
0.581 
0.601 
0.615 
0.726 
0.64 
0.581 
0.558 
0.631 
0.617 
0.604 
0.696 
0.669 
0.561 
0.535 
0.472 
0.49 
0.408 
0.403 
0.433 
0.451 
0.47 
0.474 
0.454 
0.468 
0.662 
0.574 
0.62 
0.617 
0.603 
0.616 
0.635 
0.634 
0.624 
0.487 
0.471 
0.603 
0.456 
0.618 
0.506 
0.541 
0.709 
0.673 
0.567 
0.62 
0.532 
0.662 
0.636 
0.543 
0.585 
0.646 
0.624 
0.543 
0.63 
0.511 
0.469 
0.52 
0.51 
0.583 
0.517 
0.72 
0.579 
0.455 
0.466 
0.393 
0.427 
0.456 
0.602 
0.679 
0.711 
0.716 
0.607 
0.573 
0.71 
0.637 
0.64 
0.586 
0.587 
0.617 
0.629 
0.588 
0.468 
0.659 
0.584 
0.594 
0.556 
0.698 
0.528 
0.513 
0.639 
0.573 
0.628 
0.55 
0.609 
0.644 
0.593 
0.567 
0.548 
0.523 
0.481 
0.398 
0.407 
0.417 
0.426 
0.424 
0.416 
0.436 
0.373 
0.37 
0.369 
0.415 
0.41 
0.473 
0.483 
0.433 
0.512 
0.52 
0.478 
0.473 
0.557 
0.525 
0.418 
0.428 
0.41 
0.499 
0.49 
0.5 
0.497 
0.459 
0.675 
0.483 
0.519 
0.543 
0.594 
0.581 
0.515 
0.593 
0.625 
0.538 
0.553 
0.504 
0.416 
0.541 
0.524 
0.555 
0.463 
0.56 
0.638 
0.534 
0.559 
0.508 
0.516 
0.535 
0.522 
0.664 
0.637 
0.529 
0.489 
0.602 
0.523 
0.592 
0.529 
0.468 
0.561 
0.513 
0.553 
0.457 
0.494 
0.434 
0.542 
0.536 
0.563 
0.582 
0.516 
0.476 
0.507 
0.482 
0.537 
0.552 
0.589 
0.483 
0.575 
0.526 
0.542 
0.51 
0.54 
0.469 
0.421 
0.525 
0.528 
0.514 
0.514 
0.439 
0.422 
0.468 
0.552 
0.566 
0.542 
0.708 
0.683 
0.636 
0.542 
0.551 
0.566 
0.552 
0.511 
0.447 
0.511 
0.597 
0.471 
0.498 
0.465 
0.518 
0.51 
0.622 
0.6 
0.61 
0.595 
0.601 
0.577 
0.591 
0.658 
0.608 
0.689 
0.544 
0.577 
0.628 
0.58 
0.565 
0.594 
0.498 
0.602 
0.534 
0.486 
0.536 
0.514 
0.659 
0.664 
0.608 
0.567 
0.619 
0.605 
0.627 
0.469 
0.478 
0.507 
0.494 
0.597 
0.624 
0.522 
0.551 
0.634 
0.689 
0.612 
0.637 
0.598 
0.515 
0.505 
0.588 
0.592 
0.645 
0.527 
0.61 
0.494 
0.662 
0.649 
0.7 
0.57 
0.566 
0.632 
0.558 
0.517 
0.46 
0.486 
0.515 
0.685 
0.595 
0.717 
0.643 
0.536 
0.655 
0.624 
0.538 
0.566 
0.545 
0.475 
0.532 
0.489 
0.508 
0.599 
0.557 
0.537 
0.505 
0.492 
0.542 
0.56 
0.457 
0.561 
0.511 
0.68 
0.572 
0.59 
0.686 
0.608 
0.627 
0.682 
0.614 
0.651 
0.641 
0.594 
0.645 
0.6 
0.533 
0.493 
0.591 
0.571 
0.534 
0.566 
0.578 
0.604 
0.585 
0.576 
0.448 
0.537 
0.559 
0.589 
0.496 
0.443 
0.568 
0.653 
0.459 
0.47 
0.492 
0.494 
0.378 
0.358 
0.531 
0.586 
0.621 
0.468 
0.588 
0.591 
0.709 
0.625 
0.574 
0.604 
0.548 
0.555 
0.539 
0.482 
0.475 
0.492 
0.595 
0.643 
0.562 
0.624 
0.664 
0.577 
0.55 
0.64 
0.668 
0.51 
0.562 
0.469 
0.55 
0.503 
0.54 
0.481 
0.499 
0.527 
0.49 
0.542 
0.638 
0.572 
0.629 
0.609 
0.609 
0.663 
0.569 
0.525 
0.585 
0.515 
0.506 
0.439 
0.423 
0.415 
0.438 
0.418 
0.437 
0.455 
0.458 
0.452 
0.438 
0.421 
0.414 
0.378 
0.386 
0.355 
0.337 
0.383 
0.352 
0.324 
0.384 
0.358 
0.353 
0.394 
0.385 
0.424 
0.411 
0.433 
0.425 
0.411 
0.44 
0.434 
0.442 
0.443 
0.414 
0.419 
0.45 
0.435 
0.418 
0.454 
0.432 
0.456 
0.402 
0.39 
0.445 
0.429 
0.394 
0.418 
0.415 
0.443 
0.4 
0.381 
0.381 
0.387 
0.445 
0.425 
0.451 
0.458 
0.41 
0.439 
0.43 
0.428 
0.367 
0.395 
0.391 
0.43 
0.45 
0.398 
0.397 
0.385 
0.394 
0.42 
0.381 
0.39 
0.391 
0.438 
0.42 
0.415 
0.411 
0.45 
0.422 
0.433 
0.435 
0.448 
0.411 
0.374 
0.387 
0.411 
0.383 
0.412 
0.411 
0.443 
0.457 
0.436 
0.413 
0.398 
0.421 
0.452 
0.474 
0.448 
0.413 
0.402 
0.446 
0.468 
0.385 
0.388 
0.443 
0.475 
0.458 
0.43 
0.456 
0.46 
0.457 
0.476 
0.424 
0.429 
0.416 
0.432 
0.499 
0.422 
0.4 
0.367 
0.387 
0.391 
0.433 
0.451 
0.436 
0.441 
0.449 
0.445 
0.453 
0.45 
0.441 
0.479 
0.465 
0.454 
0.412 
0.459 
0.442 
0.439 
0.442 
0.453 
0.45 
0.395 
0.429 
0.481 
0.458 
0.438 
0.429 
0.387 
0.39 
0.398 
0.396 
0.39 
0.358 
0.418 
0.402 
0.411 
0.413 
0.433 
0.415 
0.445 
0.457 
0.426 
0.443 
0.447 
0.413 
0.401 
0.41 
0.418 
0.441 
0.406 
0.451 
0.478 
0.434 
0.437 
0.415 
0.455 
0.462 
0.484 
0.478 
0.489 
0.477 
0.482 
0.514 
0.555 
0.538 
0.58 
0.479 
0.459 
0.51 
0.449 
0.481 
0.413 
0.388 
0.417 
0.446 
0.465 
0.476 
0.555 
0.543 
0.531 
0.533 
0.55 
0.613 
0.592 
0.568 
0.54 
0.633 
0.536 
0.597 
0.512 
0.464 
0.493 
0.509 
0.482 
0.425 
0.431 
0.498 
0.468 
0.552 
0.5 
0.471 
0.495 
0.433 
0.502 
0.535 
0.628 
0.616 
0.568 
0.705 
0.685 
0.577 
0.623 
0.674 
0.587 
0.585 
0.592 
0.573 
0.644 
0.641 
0.607 
0.581 
0.551 
0.662 
0.681 
0.688 
0.479 
0.557 
0.504 
0.593 
0.596 
0.548 
0.621 
0.546 
0.664 
0.59 
0.606 
0.646 
0.508 
0.61 
0.604 
0.641 
0.655 
0.711 
0.662 
0.558 
0.686 
0.585 
0.558 
0.497 
0.614 
0.659 
0.606 
0.623 
0.546 
0.548 
0.608 
0.551 
0.668 
0.619 
0.612 
0.681 
0.598 
0.607 
0.609 
0.553 
0.727 
0.582 
0.611 
0.694 
0.646 
0.667 
0.661 
0.619 
0.614 
0.531 
0.676 
0.669 
0.653 
0.546 
0.603 
0.652 
0.601 
0.624 
0.616 
0.622 
0.642 
0.668 
0.541 
0.611 
0.695 
0.658 
0.65 
0.673 
0.662 
0.566 
0.546 
0.583 
0.625 
0.605 
0.672 
0.591 
0.617 
0.584 
0.663 
0.608 
0.601 
0.577 
0.606 
0.553 
0.478 
0.533 
0.473 
0.489 
0.544 
0.517 
0.594 
0.598 
0.554 
0.538 
0.532 
0.494 
0.572 
0.501 
0.481 
0.619 
0.586 
0.511 
0.556 
0.597 
0.496 
0.537 
0.438 
0.546 
0.459 
0.674 
0.575 
0.559 
0.571 
0.582 
0.64 
0.616 
0.596 
0.489 
0.631 
0.59 
0.639 
0.538 
0.516 
0.541 
0.559 
0.502 
0.525 
0.539 
0.574 
0.614 
0.63 
0.645 
0.705 
0.552 
0.581 
0.525 
0.457 
0.453 
0.484 
0.551 
0.634 
0.622 
0.568 
0.53 
0.588 
0.496 
0.471 
0.592 
0.554 
0.473 
0.5 
0.463 
0.483 
0.498 
0.529 
0.498 
0.589 
0.63 
0.612 
0.527 
0.648 
0.631 
0.637 
0.559 
0.624 
0.701 
0.66 
0.628 
0.553 
0.71 
0.602 
0.621 
0.568 
0.607 
0.647 
0.533 
0.483 
0.464 
0.531 
0.559 
0.56 
0.608 
0.69 
0.694 
0.686 
0.626 
0.703 
0.661 
0.509 
0.61 
0.644 
0.67 
0.619 
0.537 
0.545 
0.521 
0.546 
0.572 
0.56 
0.512 
0.509 
0.582 
0.541 
0.613 
0.52 
0.481 
0.553 
0.613 
0.65 
0.634 
0.603 
0.576 
0.601 
0.549 
0.68 
0.489 
0.591 
0.538 
0.511 
0.514 
0.48 
0.576 
0.513 
0.544 
0.588 
0.544 
0.538 
0.485 
0.495 
0.535 
0.559 
0.525 
0.614 
0.552 
0.602 
0.663 
0.525 
0.484 
0.476 
0.573 
0.595 
0.538 
0.505 
0.591 
0.446 
0.495 
0.62 
0.559 
0.619 
0.631 
0.581 
0.672 
0.62 
0.608 
0.641 
0.537 
0.505 
0.627 
0.538 
0.488 
0.511 
0.679 
0.6 
0.631 
0.525 
0.488 
0.424 
0.442 
0.492 
0.555 
0.542 
0.594 
0.583 
0.501 
0.565 
0.541 
0.56 
0.572 
0.574 
0.456 
0.535 
0.554 
0.617 
0.587 
0.533 
0.515 
0.503 
0.53 
0.551 
0.497 
0.632 
0.604 
0.522 
0.57 
0.571 
0.637 
0.709 
0.596 
0.547 
0.658 
0.601 
0.615 
0.577 
0.537 
0.556 
0.597 
0.526 
0.626 
0.583 
0.635 
0.529 
0.572 
0.583 
0.567 
0.643 
0.606 
0.541 
0.617 
0.696 
0.603 
0.462 
0.631 
0.609 
0.599 
0.637 
0.627 
0.641 
0.679 
0.593 
0.584 
0.633 
0.695 
0.561 
0.649 
0.661 
0.531 
0.606 
0.56 
0.533 
0.569 
0.534 
0.616 
0.56 
0.605 
0.493 
0.521 
0.56 
0.585 
0.582 
0.643 
0.633 
0.614 
0.66 
0.627 
0.685 
0.608 
0.646 
0.652 
0.645 
0.611 
0.604 
0.583 
0.541 
0.493 
0.484 
0.582 
0.657 
0.499 
0.574 
0.498 
0.442 
0.471 
0.539 
0.665 
0.646 
0.618 
0.615 
0.662 
0.616 
0.622 
0.585 
0.511 
0.61 
0.591 
0.493 
0.491 
0.508 
0.409 
0.477 
0.489 
0.46 
0.52 
0.455 
0.495 
0.554 
0.577 
0.536 
0.535 
0.487 
0.568 
0.496 
0.543 
0.518 
0.538 
0.562 
0.481 
0.524 
0.451 
0.53 
0.59 
0.636 
0.676 
0.68 
0.732 
0.571 
0.475 
0.656 
0.601 
0.698 
0.653 
0.545 
0.524 
0.561 
0.628 
0.617 
0.544 
0.458 
0.48 
0.497 
0.532 
0.636 
0.599 
0.525 
0.595 
0.502 
0.563 
0.552 
0.577 
0.61 
0.628 
0.604 
0.555 
0.546 
0.573 
0.655 
0.636 
0.681 
0.69 
0.62 
0.645 
0.691 
0.708 
0.627 
0.65 
0.589 
0.676 
0.621 
0.578 
0.589 
0.626 
0.457 
0.413 
0.469 
0.528 
0.491 
0.498 
0.531 
0.548 
0.575 
0.552 
0.432 
0.497 
0.471 
0.503 
0.457 
0.391 
0.385 
0.412 
0.451 
0.47 
0.391 
0.443 
0.442 
0.454 
0.495 
0.469 
0.508 
0.506 
0.698 
0.673 
0.521 
0.43 
0.518 
0.616 
0.565 
0.54 
0.605 
0.587 
0.623 
0.529 
0.461 
0.454 
0.492 
0.485 
0.484 
0.492 
0.405 
0.449 
0.534 
0.502 
0.536 
0.559 
0.633 
0.677 
0.625 
0.63 
0.705 
0.656 
0.612 
0.667 
0.552 
0.557 
0.508 
0.514 
0.497 
0.436 
0.395 
0.433 
0.523 
0.576 
0.47 
0.52 
0.545 
0.52 
0.508 
0.573 
0.666 
0.614 
0.6 
0.71 
0.632 
0.593 
0.571 
0.524 
0.607 
0.528 
0.41 
0.398 
0.496 
0.518 
0.584 
0.655 
0.665 
0.596 
0.499 
0.581 
0.61 
0.59 
0.599 
0.677 
0.628 
0.618 
0.602 
0.647 
0.658 
0.551 
0.569 
0.504 
0.489 
0.465 
0.489 
0.579 
0.589 
0.569 
0.627 
0.508 
0.551 
0.435 
0.467 
0.438 
0.489 
0.488 
0.551 
0.521 
0.602 
0.558 
0.535 
0.566 
0.597 
0.662 
0.578 
0.616 
0.618 
0.6 
0.566 
0.662 
0.745 
0.675 
0.658 
0.612 
0.699 
0.573 
0.607 
0.68 
0.643 
0.71 
0.651 
0.619 
0.578 
0.662 
0.618 
0.6 
0.591 
0.616 
0.591 
0.682 
0.597 
0.586 
0.5 
0.554 
0.719 
0.682 
0.631 
0.515 
0.592 
0.625 
0.547 
0.581 
0.538 
0.523 
0.665 
0.682 
0.714 
0.545 
0.589 
0.576 
0.587 
0.55 
0.648 
0.644 
0.681 
0.573 
0.595 
0.587 
0.655 
0.578 
0.534 
0.587 
0.586 
0.617 
0.644 
0.524 
0.543 
0.506 
0.553 
0.467 
0.482 
0.533 
0.577 
0.532 
0.562 
0.482 
0.531 
0.465 
0.512 
0.562 
0.605 
0.704 
0.591 
0.585 
0.543 
0.582 
0.607 
0.637 
0.567 
0.563 
0.563 
0.601 
0.56 
0.649 
0.554 
0.616 
0.615 
0.596 
0.572 
0.687 
0.601 
0.63 
0.623 
0.55 
0.581 
0.61 
0.572 
0.57 
0.652 
0.584 
0.705 
0.569 
0.45 
0.46 
0.491 
0.462 
0.463 
0.478 
0.542 
0.502 
0.585 
0.706 
0.677 
0.621 
0.599 
0.542 
0.568 
0.556 
0.592 
0.576 
0.642 
0.54 
0.707 
0.617 
0.559 
0.623 
0.611 
0.558 
0.671 
0.616 
0.546 
0.623 
0.637 
0.643 
0.634 
0.709 
0.662 
0.651 
0.603 
0.598 
0.628 
0.648 
0.656 
0.601 
0.589 
0.633 
0.484 
0.546 
0.576 
0.63 
0.644 
0.553 
0.612 
0.636 
0.594 
0.676 
0.61 
0.608 
0.588 
0.53 
0.509 
0.541 
0.594 
0.595 
0.51 
0.47 
0.555 
0.705 
0.695 
0.626 
0.555 
0.576 
0.621 
0.675 
0.679 
0.655 
0.665 
0.697 
0.676 
0.611 
0.649 
0.575 
0.685 
0.593 
0.641 
0.557 
0.529 
0.711 
0.555 
0.505 
0.62 
0.567 
0.559 
0.554 
0.538 
0.518 
0.529 
0.671 
0.677 
0.678 
0.743 
0.522 
0.584 
0.516 
0.553 
0.435 
0.542 
0.579 
0.561 
0.654 
0.638 
0.641 
0.667 
0.587 
0.551 
0.604 
0.66 
0.583 
0.579 
0.687 
0.539 
0.608 
0.625 
0.598 
0.582 
0.592 
0.573 
0.519 
0.483 
0.552 
0.492 
0.508 
0.527 
0.525 
0.563 
0.57 
0.559 
0.573 
0.575 
0.649 
0.579 
0.503 
0.55 
0.585 
0.645 
0.548 
0.479 
0.52 
0.406 
0.542 
0.602 
0.572 
0.542 
0.535 
0.612 
0.689 
0.625 
0.53 
0.631 
0.63 
0.695 
0.473 
0.578 
0.601 
0.556 
0.666 
0.599 
0.625 
0.611 
0.61 
0.617 
0.73 
0.52 
0.636 
0.557 
0.544 
0.638 
0.592 
0.597 
0.632 
0.643 
0.538 
0.587 
0.565 
0.573 
0.587 
0.528 
0.552 
0.535 
0.658 
0.674 
0.616 
0.501 
0.542 
0.544 
0.608 
0.556 
0.502 
0.595 
0.522 
0.537 
0.504 
0.457 
0.435 
0.417 
0.429 
0.404 
0.469 
0.514 
0.521 
0.602 
0.6 
0.515 
0.429 
0.449 
0.545 
0.582 
0.601 
0.565 
0.502 
0.501 
0.465 
0.543 
0.525 
0.495 
0.555 
0.562 
0.549 
0.509 
0.544 
0.615 
0.543 
0.616 
0.576 
0.606 
0.604 
0.66 
0.638 
0.676 
0.653 
0.596 
0.581 
0.634 
0.606 
0.656 
0.547 
0.658 
0.651 
0.649 
0.702 
0.61 
0.622 
0.689 
0.534 
0.506 
0.611 
0.656 
0.62 
0.542 
0.518 
0.563 
0.61 
0.633 
0.566 
0.605 
0.545 
0.481 
0.606 
0.659 
0.642 
0.515 
0.628 
0.635 
0.628 
0.599 
0.577 
0.575 
0.643 
0.579 
0.575 
0.662 
0.66 
0.638 
0.617 
0.552 
0.644 
0.673 
0.635 
0.65 
0.585 
0.592 
0.517 
0.653 
0.719 
0.676 
0.663 
0.681 
0.647 
0.689 
0.585 
0.635 
0.591 
0.693 
0.542 
0.562 
0.558 
0.692 
0.572 
0.64 
0.585 
0.64 
0.499 
0.606 
0.613 
0.624 
0.666 
0.637 
0.586 
0.646 
0.614 
0.565 
0.557 
0.562 
0.513 
0.575 
0.507 
0.585 
0.519 
0.548 
0.527 
0.596 
0.527 
0.578 
0.549 
0.546 
0.657 
0.618 
0.568 
0.476 
0.51 
0.491 
0.55 
0.57 
0.577 
0.616 
0.684 
0.578 
0.665 
0.568 
0.599 
0.611 
0.604 
0.628 
0.607 
0.612 
0.578 
0.681 
0.607 
0.679 
0.509 
0.573 
0.65 
0.698 
0.631 
0.578 
0.657 
0.642 
0.563 
0.527 
0.579 
0.75 
0.54 
0.516 
0.534 
0.519 
0.522 
0.525 
0.638 
0.54 
0.601 
0.633 
0.692 
0.548 
0.587 
0.598 
0.548 
0.649 
0.681 
0.624 
0.609 
0.613 
0.647 
0.693 
0.621 
0.635 
0.571 
0.458 
0.528 
0.522 
0.59 
0.614 
0.502 
0.578 
0.601 
0.6 
0.576 
0.574 
0.583 
0.611 
0.584 
0.55 
0.589 
0.677 
0.645 
0.617 
0.656 
0.619 
0.513 
0.591 
0.609 
0.692 
0.593 
0.678 
0.621 
0.59 
0.501 
0.523 
0.644 
0.669 
0.6 
0.654 
0.621 
0.593 
0.661 
0.61 
0.659 
0.606 
0.611 
0.636 
0.661 
0.605 
0.573 
0.535 
0.523 
0.513 
0.617 
0.578 
0.57 
0.559 
0.512 
0.527 
0.526 
0.541 
0.593 
0.635 
0.557 
0.544 
0.537 
0.509 
0.509 
0.581 
0.564 
0.615 
0.558 
0.542 
0.514 
0.568 
0.557 
0.665 
0.617 
0.553 
0.518 
0.585 
0.565 
0.714 
0.662 
0.6 
0.643 
0.691 
0.616 
0.612 
0.636 
0.534 
0.617 
0.578 
0.544 
0.548 
0.509 
0.659 
0.589 
0.662 
0.61 
0.58 
0.623 
0.535 
0.577 
0.543 
0.526 
0.606 
0.668 
0.593 
0.428 
0.418 
0.562 
0.749 
0.681 
0.676 
0.678 
0.547 
0.544 
0.645 
0.59 
0.589 
0.524 
0.553 
0.553 
0.603 
0.667 
0.521 
0.597 
0.556 
0.686 
0.665 
0.537 
0.585 
0.491 
0.498 
0.559 
0.585 
0.524 
0.494 
0.543 
0.566 
0.564 
0.541 
0.535 
0.619 
