001187
001188
001189
001190
001191
001191.1
001191.2
001192
001193
001194
001195
001196
001197
001198
001199
001200
001201
001202
001203
001204
001205
001206
001207
001208
001208.1
001209
001210
001211
001212
001213
001214
001215
001216
001217
001218
001219
001220
001221
001222
001223
001224
001224.1
001225
001226
001227
001228
001228.1
001229
001230
001231
001232
001232.1
001233
001234
001235
001236
001237
001238
001239
001240
001241
001242
001243
001244
001245
001246
001247
001248
001249
001250
001251
001252
001253
001254
001255
001256
001257
001258
001259
001260
001261
001262
001263
001264
001265
001266
001267
001268
001268:cs
001269
001270
001271
001272
001273
001274
001275
001276
001277
001278
001279
001280
001281
001282
001283
001284
001285
001286
001287
001287.1
001288
001289
001290
001291
001292
001293
001294
001295
001296
001296.1
001297
001298
001299
001300
001301
001302
001303
001304
001305
001306
001307
001308
001309
001310
001311
001312
001313
001314
001315
001316
001317
001318
001319
001320
001321
001322
001323
001324
001326
001327
001328
001329
001329:cs
001330
001331
001332
001333
001334
001335
001336
001337
001338
001339
001340
001341
001342
001343
001344
001345
001346
001347
001348
001349
001350
001351
001352
001353
001354
001355
001356
001357
001358
001359
001360
001361
001362
001363
001364
001365
001366
001367
001368
001369
001370
001371
001371.1
001372
001373
001374
001375
001376
001377
001378
001379
001380
001381
001382
001383
001384
001385
001386
001387
001388
001389
001390
001391
001392
001393
001394
001395
001396
001397
001398
001399
001400
001401
001402
001403
001404
001405
001406
001407
001408
001409
001410
001411
001412
001413
001414
001415
001416
001417
001418
001419
001420
001421
001422
001423
001424
001425
001426
001427
001428
001429
001430
001431
001432
001433
001433.1
001434
001435
001436
001437
001437.1
001437.2
001437.3
001438
001438.1
001439
001440
001441
001442
001443
001444
001445
001446
001447
001448
001449
001450
001451
001452
001453
001454
001455
001456
001457
001458
001459
001460
001461
001462
001463
001464
001465
001466
001466:cs
001467
001468
001469
001470
001470.1
001471
001472
001473
001474
001475
001476
001477
001478
001479
001480
001481
001482
001483
001484
001484.1
001485
001486
001487
001488
001489
001489.1
001490
001491
001492
001493
001494
001495
001496
001497
001498
001499
001500
001501
001502
001503
001504
001505
001506
001506.1
001507
001508
001509
001510
001511
001512
001513
001514
001515
001516
001517
001518
001519
001520
001521
001522
001523
001524
001525
001526
001527
001528
001529
001530
001531
001532
001533
001534
001535
001536
001537
001538
001539
001540
001541
001542
001542.1
001543
001544
001545
001546
001546:cs
001547
001548
001549
001550
001551
001552
001553
001554
001554.1
001555
001556
001557
001557.1
001558
001559
001560
001561
001562
001563
001563.1
001563.2
001564
001565
001566
001567
001568
001569
001570
001571
001572
001573
001573.1
001574
001574.1
001575
001576
001577
001578
001579
001580
001581
001582
001583
001584
001585
001586
001587
001588
001589
001590
001591
001592
001593
001594
001595
001596
001596.1
001596.2
001597
001598
001599
001600
001601
001602
001603
001604
001605
001606
001607
001608
001609
001610
001611
001612
001613
001614
001615
001616
001617
001618
001619
001620
001621
001622
001623
001624
001625
001626
001627
001628
001629
001630
001631
001632
001633
001634
001635
001636
001637
001638
001639
001640
001641
001642
001643
001644
001644.1
001645
001646
001647
001648
001649
001650
001651
001652
001653
001654
001655
001656
001657
001658
001659
001660
001661
001662
001663
001664
001665
001666
001667
001668
001669
001670
001671
001672
001673
001673.1
001674
001675
001676
001677
001678
001679
001680
001681
001682
001683
001684
001685
001686
001687
001688
001689
001689.2
001690
001691
001692
001692.1
001693
001694
001695
001696
001697
001698
001699
001700
001701
001702
001703
001704
001705
001706
001707
001707.1
001707.2
001708
001709
001710
001711
001712
001713
001714
001715
001716
001717
001718
001719
001720
001721
001722
001723
001724
001725
001726
001727
001728
001729
001730
001731
001732
001733
001734
001735
001736
001737
001737:cs
001738
001738.1
001739
001740
001741
001742
001743
001744
001745
001746
001747
001748
001749
001750
001751
001752
001753
001754
001755
001756
001757
001758
001759
001760
001761
001762
001763
001764
001765
001766
001767
001768
001769
001770
001771
001772
001773
001774
001775
001776
001777
001778
001779
001780
001781
001782
001783
001783.1
001784
001785
001786
001787
001788
001789
001790
001791
001792
001793
001794
001795
001796
001796:cs
001797
001798
001799
001800
001801
001802
001803
001804
001805
001806
001807
001808
001809
001810
001811
001812
001813
001814
001815
001816
001817
001818
001819
001820
001821
001822
001823
001824
001825
001826
001826.1
001827
001828
001829
001830
001831
001832
001833
001834
001835
001836
001837
001838
001839
001840
001841
001842
001843
001844
001845
001846
001847
001848
001849
001850
001851
001852
001852.1
001853
001854
001855
001856
001857
001857.1
001858
001859
001860
001861
001862
001863
001864
001865
001866
001867
001868
001869
001870
001871
001872
001873
001874
001875
001876
001877
001878
001879
001880
001881
001882
001883
001884
001885
001886
001887
001888
001889
001890
001891
001892
001893
001894
001895
001896
001897
001898
001899
001900
001901
001902
001903
001904
001905
001906
001907
001908
001909
001910
001911
001912
001913
001914
001915
001916
001917
001918
001919
001920
001921
001922
001923
001924
001925
001926
001927
001928
001929
001930
001931
001932
001933
001934
001935
001936
001937
001938
001939
001940
001941
001941.1
001942
001943
001944
001945
001946
001947
001948
001949
001950
001951
001951.1
001952
001953
001954
001955
001956
001957
001958
001959
001960
001961
001962
001962.1
001963
001964
001965
001966
001967
001968
001969
001970
001971
001972
001973
001974
001975
001976
001976.1
001977
001978
001979
001980
001981
001982
001983
001983.1
001983.2
001984
001985
001986
001987
001988
001989
001990
001991
001992
001993
001994
001995
001996
001997
001998
001999
002000
002000:cs
002001
002002
002003
002004
002005
002006
002008
002009
002010
002011
002012
002013
002014
002015
002016
002016.1
002016.2
002016.3
002016.4
002016.5
002016.6
002017
002018
002019
002020
002021
002022
002023
002024
002025
002026
002027
002028
002029
002030
002031
002032
002033
002033.1
002034
002035
002036
002036.1
002037
002038
002040
002041
002042
002043
002043.1
002044
002045
002046
002047
002048
002049
002050
002051
002052
002053
002054
002055
002055.1
002056
002057
002058
002059
002060
002061
002062
002063
002063.1
002064
002065
002066
002067
002068
002069
002070
002071
002072
002073
002074
002075
002076
002077
002078
002079
002080
002081
002082
002083
002084
002085
002086
002087
002088
002088.1
002089
002090
002090:cs
002091
002092
002093
002094
002095
002096
002097
002098
002099
002100
002101
002102
002103
002104
002105
002106
002106:cs
002106.1
002107
002108
002109
002110
002111
002112
002113
002114
002115
002116
002117
002118
002119
002120
002121
002122
002123
002124
002125
002126
002127
002128
002129
002130
002131
002132
002133
002134
002135
002136
002137
002138
002139
002140
002141
002142
002143
002144
002145
002146
002147
002148
002149
002150
002151
002151.1
002151.2
002152
002153
002154
002155
002156
002157
002158
002159
002160
002161
002162
002163
002164
002165
002166
002167
002168
002169
002170
002171
002172
002173
002174
002175
002176
002177
002178
002179
002180
002181
002182
002183
002184
002185
002186
002187
002188
002189
002190
002191
002192
002193
002194
002195
002196
002197
002198
002199
002200
002201
002202
002202.1
002203
002204
002205
002206
002206.1
002207
002208
002209
002210
002211
002212
002213
002214
002215
002216
002216:cs
002217
002218
002219
002219.1
002220
002220.1
002221
002222
002223
002224
002225
002226
002227
002228
002229
002230
002231
002231.1
002232
002233
002234
002235
002236
002237
002238
002239
002240
002241
002242
002243
002244
002245
002246
002247
002248
002249
002250
002251
002252
002253
002254
002255
002256
002257
002258
002259
002260
002261
002262
002263
002264
002265
002266
002267
002268
002269
002270
002270.1
002271
002272
002273
002274
002275
002276
002277
002278
002279
002280
002281
002282
002283
002284
002285
002286
002287
002288
002289
002290
002291
002292
002293
002293.1
002294
002295
002296
002297
002298
002299
002300
002301
002302
002303
002303.1
002304
002305
002306
002307
002308
002309
002310
002311
002312
002313
002313.1
002314
002315
002316
002317
002318
002319
002320
002321
002322
002323
002324
002325
002326
002327
002328
002329
002329.1
002330
002330.1
002331
002332
002333
002334
002335
002336
002336.1
002337
002338
002339
002340
002341
002342
002343
002344
002344.1
002345
002346
002347
002347.1
002347.2
002348
002349
002350
002351
002352
002353
002354
002355
002356
002357
002358
002359
002360
002361
002362
002363
002364
002365
002366
002367
002368
002368.1
002369
002370
002371
002372
002373
002374
002375
002376
002376:cs
002376.1
002377
002378
002379
002380
002380.1
002381
002382
002383
002384
002385
002386
002387
002388
002389
002390
002391
002392
002393
002393.1
002394
002395
002396
002397
002398
002399
002400
002401
002402
002402.1
002403
002404
002405
002406
002406:cs
002407
002408
002409
002410
002411
002412
002413
002414
002415
002416
002417
002418
002419
002420
002421
002422
002423
002424
002425
002426
002427
002428
002429
002430
002431
002432
002433
002434
002435
002436
002437
002438
002439
002440
002441
002441.1
002442
002442.1
002443
002444
002445
002446
002446.1
002447
002447.1
002448
002449
002450
002450:lzh
002451
002452
002453
002453.1
002454
002455
002456
002456.1
002457
002458
002458.1
002458.2
002458.3
002458.4
002459
002460
002461
002462
002463
002464
002464.1
002465
002466
002467
002468
002469
002469.1
002469.2
002470
002471
002472
002473
002474
002475
002476
002477
002478
002479
002480
002481
002482
002483
002484
002485
002486
002487
002488
002489
002490
002491
002492
002493
002494
002495
002496
002497
002498
002499
002500
002501
002502
002503
002504
002505
002506
002507
002508
002508.1
002509
002510
002511
002512
002513
002514
002515
002516
002517
002518
002519
002520
002521
002522
002523
002524
002525
002526
002527
002527.1
002528
002529
002530
002530.1
002531
002532
002533
002534
002535
002536
002537
002538
002539
002540
002541
002542
002543
002544
002545
002546
002547
002548
002549
002550
002551
002552
002553
002554
002555
002556
002557
002558
002559
002560
002561
002562
002563
002564
002565
002566
002567
002568
002569
002570
002571
002572
002573
002574
002575
002576
002577
002578
002579
002580
002581
002582
002583
002584
002585
002586
002587
002588
002589
002590
002591
002592
002593
002594
002595
002596
002597
002598
002599
002600
002601
002601.1
002602
002603
002604
002605
002606
002607
002608
002609
002610
002610.1
002611
002612
002613
002614
002615
002616
002617
002618
002619
002620
002621
002622
002623
002624
002625
002626
002627
002628
002629
002630
002631
002632
002633
002634
002634:cs
002635
002635.1
002636
002637
002638
002639
002640
002641
002642
002643
002644
002645
002646
002647
002648
002649
002650
002651
002652
002653
002654
002655
002656
002656.1
002657
002658
002659
002660
002661
002661.1
002662
002663
002664
002665
002666
002667
002668
002669
002670
002671
002672
002673
002674
002675
002676
002677
002678
002678.1
002679
002680
002681
002682
002682.1
002683
002684
002685
002686
002687
002688
002689
002690
002691
002692
002693
002694
002695
002696
002697
002698
002699
002700
002701
002702
002703
002704
002705
002706
002707
002708
002709
002710
002711
002712
002712.1
002713
002714
002715
002716
002717
002718
002719
002720
002720.1
002721
002722
002723
002724
002725
002726
002727
002728
002729
002730
002731
002732
002732.1
002733
002734
002735
002736
002737
002738
002739
002739.1
002740
002741
002742
002743
002744
002745
002746
002747
002748
002749
002750
002751
002752
002753
002754
002755
002756
002757
002758
002759
002760
002761
002762
002763
002764
002765
002766
002767
002767.1
002768
002768.1
002769
002770
002771
002772
002772.1
002773
002774
002775
002776
002777
002778
002779
002780
002780.1
002781
002782
002783
002784
002785
002786
002787
002788
002789
002790
002791
002792
002793
002794
002794:cs
002795
002796
002797
002798
002799
002800
002801
002802
002803
002804
002805
002806
002807
002808
002809
002810
002810.1
002811
002812
002813
002814
002815
002816
002817
002818
002819
002820
002821
002822
002823
002824
002825
002826
002827
002828
002829
002830
002831
002832
002833
002834
002835
002836
002837
002838
002839
002840
002841
002842
002843
002844
002845
002846
002847
002847:cs
002848
002849
002850
002851
002852
002853
002854
002855
002856
002857
002858
002859
002860
002861
002862
002863
002864
002865
002866
002867
002868
002869
002870
002871
002872
002873
002874
002875
002876
002877
002878
002879
002880
002881
002882
002883
002884
002885
002886
002886.1
002887
002888
002889
002890
002891
002891.1
002892
002893
002894
002895
002896
002897
002898
002899
002900
002901
002902
002903
002904
002905
002906
002907
002908
002908.1
002909
002910
002911
002912
002912.1
002912.2
002913
002914
002915
002916
002917
002918
002919
002920
002920.1
002920.2
002921
002922
002922:cs
002923
002924
002925
002926
002927
002927.1
002928
002929
002930
002931
002932
002933
002934
002935
002936
002937
002938
002939
002940
002941
002942
002943
002944
002945
002946
002947
002948
002948:cs
002949
002950
002951
002952
002953
002954
002955
002956
002957
002958
002958.1
002959
002960
002961
002962
002963
002964
002965
002966
002967
002968
002969
002970
002971
002972
002973
002974
002975
002976
002977
002977.1
002977.2
002978
002979
002980
002981
002982
002983
002984
002985
002986
002987
002988
002989
002990
002991
002992
002993
002994
002995
002996
002997
002997:cs
002998
002999
003000
003001
003002
003003
003003.1
003004
003005
003006
003007
003008
003009
003010
003011
003012
003013
003014
003015
003016
003017
003018
003019
003020
003021
003022
003023
003024
003025
003026
003027
003028
003029
003030
003031
003032
003033
003034
003035
003036
003037
003038
003039
003040
003041
003042
003043
003044
003045
003046
003047
003048
003049
003050
003051
003052
003053
003054
003055
003056
003057
003058
003059
003060
003061
003062
003063
003064
003065
003066
003067
003068
003069
003070
003071
003072
003073
003074
003075
003076
003077
003078
003079
003080
003081
003082
003083
003084
003085
003086
003087
003088
003089
003089.1
003089.2
003090
003091
003092
003093
003094
003095
003096
003096:cs
003097
003098
003099
003100
003101
003102
003103
003104
003105
003106
003107
003108
003108.1
003109
003110
003111
003112
003113
003114
003115
003116
003117
003118
003119
003120
003121
003122
003123
003124
003125
003126
003127
003128
003129
003129.1
003130
003131
003132
003133
003134
003135
003136
003137
003137.1
003137.2
003138
003138.1
003139
003140
003141
003142
003143
003144
003145
003146
003147
003148
003149
003150
003151
003152
003153
003154
003155
003156
003157
003157.1
003157.2
003158
003159
003160
003160.1
003160.2
003161
003162
003163
003164
003165
003166
003167
003168
003169
003170
003171
003172
003173
003174
003175
003176
003177
003177.1
003178
003179
003180
003181
003182
003183
003184
003185
003186
003187
003188
003189
003190
003191
003192
003193
003194
003195
003196
003197
003198
003199
003200
003201
003202
003203
003204
003205
003206
003207
003208
003208.1
003209
003210
003211
003212
003213
003213.1
003214
003215
003216
003217
003218
003219
003220
003221
003222
003223
003224
003225
003226
003227
003228
003229
003230
003231
003232
003233
003234
003235
003236
003237
003238
003238.1
003238.2
003239
003240
003241
003242
003243
003244
003245
003246
003247
003248
003249
003250
003251
003252
003252.1
003253
003254
003255
003256
003257
003258
003259
003260
003261
003262
003263
003264
003265
003266
003267
003268
003269
003270
003271
003272
003273
003274
003275
003276
003277
003278
003279
003281
003282
003283
003284
003284.1
003285
003286
003287
003288
003289
003290
003291
003292
003293
003294
003295
003296
003297
003298
003299
003300
003301
003302
003303
003304
003305
003306
003307
003308
003309
003310
003311
003312
003313
003314
003315
003315.1
003316
003316.1
003317
003318
003319
003320
003321
003322
003323
003324
003325
003326
003327
003327.1
003328
003329
003330
003331
003332
003333
003334
003335
003336
003337
003338
003339
003340
003341
003342
003343
003344
003345
003346
003347
003348
003349
003350
003351
003352
003353
003354
003355
003356
003357
003358
003359
003360
003361
003362
003363
003364
003365
003366
003367
003368
003369
003370
003371
003372
003373
003374
003375
003376
003377
003378
003379
003380
003381
003382
003383
003384
003385
003386
003387
003388
003389
003390
003391
003392
003393
003394
003395
003396
003397
003398
003399
003400
003401
003402
003403
003404
003405
003406
003407
003408
003409
003410
003411
003412
003413
003414
003415
003416
003417
003418
003419
003420
003421
003421.1
003421.2
003421.3
003422
003423
003424
003425
003426
003427
003428
003429
003430
003431
003432
003432.1
003433
003434
003435
003436
003437
003438
003438.1
003439
003440
003441
003442
003443
003444
003445
003446
003447
003448
003449
003450
003451
003452
003453
003454
003455
003456
003457
003458
003459
003460
003461
003462
003463
003464
003465
003468
003469
003470
003471
003472
003473
003474
003475
003476
003477
003478
003479
003480
003481
003482
003483
003484
003485
003486
003487
003488
003489
003490
003491
003492
003493
003494
003495
003496
003497
003498
003499
003500
003501
003502
003503
003504
003505
003506
003507
003508
003509
003510
003511
003511:cs
003512
003513
003514
003515
003516
003517
003518
003519
003520
003521
003522
003523
003524
003525
003526
003527
003528
003529
003530
003531
003532
003533
003534
003535
003536
003537
003538
003539
003540
003541
003542
003543
003543.1
003544
003545
003546
003547
003548
003549
003550
003551
003552
003553
003554
003554.1
003555
003556
003557
003558
003559
003560
003561
003562
003563
003564
003565
003566
003567
003568
003569
003570
003571
003572
003573
003574
003575
003576
003577
003577.1
003578
003579
003580
003581
003582
003583
003584
003584.1
003585
003586
003587
003588
003589
003590
003591
003592
003593
003594
003595
003596
003597
003598
003599
003600
003600.1
003601
003602
003603
003604
003605
003606
003607
003608
003609
003610
003611
003612
003613
003614
003615
003615.1
003616
003617
003618
003619
003620
003621
003622
003623
003624
003625
003626
003627
003628
003628.1
003629
003630
003631
003632
003633
003634
003635
003635.1
003636
003637
003638
003639
003640
003641
003642
003643
003644
003645
003646
003647
003648
003649
003650
003651
003652
003653
003653.1
003654
003655
003656
003657
003658
003658.1
003659
003660
003661
003662
003663
003664
003665
003666
003667
003668
003669
003670
003671
003672
003673
003674
003675
003676
003677
003678
003679
003680
003681
003682
003683
003684
003685
003686
003687
003688
003689
003690
003691
003692
003693
003694
003695
003696
003697
003698
003699
003700
003701
003702
003703
003704
003705
003705.1
003705.2
003706
003707
003708
003709
003710
003711
003712
003713
003714
003715
003716
003717
003718
003719
003720
003721
003722
003723
003724
003725
003726
003727
003728
003729
003730
003731
003732
003732.1
003733
003734
003735
003736
003737
003738
003739
003740
003741
003742
003743
003744
003745
003745.1
003746
003747
003748
003749
003750
003751
003752
003753
003754
003755
003756
003757
003758
003759
003760
003761
003762
003763
003764
003765
003766
003767
003768
003769
003770
003770.1
003771
003772
003772.1
003773
003774
003775
003775.1
003776
003777
003778
003779
003780
003781
003782
003783
003784
003785
003786
003787
003788
003789
003790
003791
003792
003793
003793.1
003794
003794.1
003795
003796
003797
003798
003799
003800
003801
003802
003803
003804
003805
003806
003807
003807.1
003807.2
003808
003809
003810
003811
003812
003813
003814
003815
003816
003817
003818
003819
003820
003821
003822
003823
003824
003825
003826
003826:cs
003827
003828
003829
003830
003830.1
003831
003832
003833
003834
003835
003836
003837
003838
003839
003840
003841
003842
003843
003844
003845
003846
003847
003848
003849
003849.1
003850
003850.1
003850.2
003851
003851.1
003852
003852.1
003852.2
003853
003853.1
003853.2
003854
003855
003856
003857
003858
003859
003860
003861
003862
003862.1
003863
003864
003865
003866
003867
003868
003869
003870
003871
003872
003873
003874
003875
003876
003877
003878
003879
003880
003881
003882
003883
003884
003885
003886
003887
003888
003889
003890
003891
003892
003893
003894
003894.1
003895
003896
003897
003898
003899
003900
003901
003902
003903
003904
003905
003906
003907
003908
003909
003910
003911
003912
003913
003914
003915
003916
003917
003918
003919
003920
003921
003922
003923
003924
003925
003925.1
003926
003927
003928
003929
003930
003931
003932
003933
003934
003935
003936
003937
003937.1
003938
003939
003940
003941
003941:cs
003941.1
003942
003943
003944
003945
003945.1
003946
003947
003948
003949
003950
003951
003952
003953
003954
003955
003956
003957
003958
003959
003960
003961
003962
003963
003964
003965
003966
003967
003968
003969
003970
003971
003972
003973
003974
003975
003976
003977
003978
003979
003980
003981
003982
003983
003984
003985
003986
003987
003988
003989
003990
003991
003992
003993
003994
003995
003996
003997
003998
003999
004000
004001
004002
004003
004004
004005
004006
004007
004008
004009
004010
004011
004012
004013
004013.1
004014
004014.1
004015
004016
004017
004018
004018.1
004019
004020
004020.1
004021
004022
004023
004023.1
004024
004025
004026
004027
004028
004029
004030
004031
004032
004033
004034
004035
004035.1
004036
004037
004038
004038.1
004039
004040
004041
004042
004043
004044
004045
004046
004047
004048
004049
004050
004051
004052
004053
004054
004055
004056
004057
004058
004059
004060
004061
004062
004063
004064
004065
004066
004067
004068
004069
004069.1
004070
004071
004071.1
004072
004073
004074
004075
004076
004077
004078
004079
004079:cs
004080
004081
004082
004083
004084
004085
004086
004087
004088
004089
004090
004091
004092
004093
004094
004095
004096
004097
004098
004099
004100
004101
004102
004103
004104
004105
004106
004107
004108
004109
004110
004111
004112
004113
004114
004115
004116
004117
004118
004118.1
004119
004120
004121
004122
004123
004124
004125
004125.1
004126
004127
004128
004129
004130
004131
004132
004133
004134
004135
004136
004137
004138
004139
004140
004141
004142
004143
004143.1
004143.2
004144
004145
004146
004147
004148
004149
004150
004151
004152
004153
004154
004155
004156
004157
004158
004159
004160
004161
004162
004163
004163.1
004164
004164.1
004165
004166
004167
004168
004169
004170
004171
004172
004173
004174
004175
004176
004177
004178
004179
004180
004181
004182
004183
004184
004185
004186
004187
004188
004189
004190
004190.1
004191
004192
004193
004194
004195
004195:cs
004196
004197
004198
004199
004200
004201
004202
004203
004204
004205
004206
004207
004208
004209
004210
004211
004212
004213
004214
004215
004216
004217
004218
004219
004220
004221
004222
004223
004223.1
004224
004225
004226
004227
004228
004229
004230
004231
004232
004233
004234
004235
004236
004237
004237:cs
004238
004239
004240
004241
004242
004243
004244
004245
004246
004247
004248
004249
004249.1
004250
004251
004252
004253
004254
004254.1
004255
004256
004257
004258
004259
004260
004261
004262
004263
004264
004265
004266
004267
004268
004269
004270
004270.1
004270.2
004271
004272
004273
004274
004275
004276
004277
004277.1
004278
004279
004280
004281
004282
004283
004284
004285
004286
004287
004288
004289
004290
004292
004293
004294
004295
004296
004297
004298
004299
004299.1
004300
004301
004302
004303
004304
004305
004306
004307
004308
004309
004310
004311
004312
004313
004314
004315
004316
004317
004317.1
004318
004319
004320
004321
004322
004323
004324
004325
004326
004327
004328
004329
004330
004331
004332
004333
004334
004335
004336
004337
004338
004339
004340
004341
004342
004343
004343:cs
004344
004345
004346
004347
004348
004349
004350
004351
004352
004353
004354
004355
004356
004357
004358
004359
004360
004361
004362
004363
004364
004365
004366
004367
004368
004369
004370
004371
004372
004373
004374
004375
004376
004377
004378
004379
004380
004381
004382
004383
004384
004385
004386
004387
004388
004389
004390
004391
004392
004393
004394
004395
004396
004397
004398
004399
004400
004401
004402
004403
004404
004405
004406
004407
004408
004409
004410
004411
004412
004413
004414
004415
004415.1
004415.2
004416
004417
004418
004419
004420
004421
004422
004423
004424
004425
004425.1
004426
004427
004428
004429
004430
004431
004432
004433
004434
004435
004436
004437
004438
004439
004440
004441
004442
004443
004444
004445
004446
004447
004448
004449
004450
004451
004452
004453
004454
004455
004456
004457
004458
004459
004460
004461
004462
004463
004464
004465
004466
004467
004468
004469
004470
004471
004472
004473
004474
004475
004476
004477
004478
004479
004480
004481
004482
004483
004484
004485
004486
004487
004488
004489
004490
004491
004492
004493
004494
004495
004496
004497
004497.1
004498
004499
004500
004501
004502
004503
004503.1
004504
004505
004506
004507
004507.1
004508
004509
004510
004511
004512
004513
004514
004515
004516
004517
004518
004519
004520
004521
004522
004523
004524
004525
004526
004527
004528
004529
004530
004531
004532
004533
004534
004535
004536
004536.1
004537
004538
004539
004540
004541
004542
004543
004544
004545
004546
004547
004548
004549
004550
004551
004551.1
004552
004553
004554
004555
004556
004557
004558
004559
004560
004561
004562
004563
004564
004565
004566
004567
004568
004569
004569.1
004570
004571
004571.1
004572
004573
004574
004575
004576
004577
004578
004579
004580
004581
004582
004583
004584
004585
004586
004587
004587:cs
004588
004589
004590
004591
004592
004593
004594
004595
004596
004597
004597.1
004597.2
004598
004599
004600
004601
004602
004603
004604
004605
004606
004607
004607.1
004608
004609
004609.1
004610
004610.1
004611
004612
004613
004614
004615
004616
004617
004618
004618.1
004619
004620
004621
004622
004623
004623.1
004624
004625
004626
004627
004628
004629
004630
004631
004632
004633
004634
004635
004635.1
004636
004637
004638
004639
004639.1
004640
004641
004642
004643
004644
004645
004646
004647
004648
004649
004650
004651
004652
004652.1
004653
004654
004655
004656
004657
004658
004659
004660
004661
004662
004663
004664
004665
004666
004666.1
004666.2
004667
004668
004669
004670
004671
004672
004673
004674
004675
004676
004677
004678
004679
004680
004681
004682
004683
004684
004685
004686
004687
004688
004689
004689.1
004690
004690.1
004691
004692
004693
004694
004695
004696
004697
004698
004699
004699:cs
004699.1
004700
004701
004702
004703
004703.1
004703.2
004703.3
004704
004705
004706
004707
004708
004709
004710
004711
004712
004713
004714
004715
004716
004717
004718
004719
004720
004721
004722
004723
004724
004725
004726
004726.1
004727
004728
004729
004730
004731
004732
004733
004734
004735
004736
004737
004738
004739
004740
004741
004742
004743
004744
004744.1
004745
004746
004747
004748
004749
004750
004751
004752
004753
004754
004755
004756
004757
004758
004759
004760
004761
004762
004763
004764
004765
004766
004767
004768
004769
004770
004771
004772
004773
004774
004775
004776
004777
004778
004779
004780
004781
004782
004783
004784
004785
004786
004787
004788
004789
004790
004791
004792
004793
004794
004795
004796
004797
004798
004799
004800
004801
004802
004803
004804
004805
004806
004807
004808
004809
004810
004811
004812
004813
004814
004815
004816
004817
004818
004819
004820
004821
004822
004823
004824
004825
004826
004827
004828
004829
004830
004831
004832
004833
004834
004834.1
004835
004836
004837
004838
004839
004840
004841
004842
004843
004844
004845
004846
004847
004848
004848.1
004849
004850
004851
004852
004853
004854
004855
004856
004857
004858
004858.1
004858.2
004858.3
004859
004860
004861
004862
004863
004864
004865
004866
004867
004868
004869
004870
004871
004872
004873
004874
004875
004876
004877
004878
004879
004880
004881
004882
004883
004885
004886
004887
004888
004889
004890
004891
004892
004893
004894
004895
004896
004897
004898
004899
004900
004901
004901.1
004902
004903
004904
004905
004906
004907
004908
004909
004910
004911
004912
004913
004914
004915
004916
004917
004918
004919
004920
004921
004922
004923
004924
004925
004926
004927
004928
004929
004929.1
004930
004931
004932
004933
004934
004935
004936
004937
004938
004939
004940
004941
004942
004943
004944
004945
004946
004947
004948
004949
004950
004951
004952
004953
004954
004955
004956
004957
004958
004958.1
004959
004960
004961
004962
004963
004964
004965
004966
004967
004968
004969
004970
004971
004972
004973
004974
004975
004976
004977
004978
004979
004980
004981
004982
004983
004984
004985
004986
004987
004987.1
004988
004989
004990
004991
004992
004993
004994
004995
004996
004997
004998
004999
005000
005001
005002
005003
005004
005005
005006
005006.1
005007
005008
005009
005010
005011
005012
005012.1
005013
005014
005015
005016
005017
005018
005019
005020
005021
005022
005023
005024
005025
005027
005028
005029
005030
005031
005032
005033
005034
005034.1
005035
005036
005037
005038
005039
005040
005041
005042
005043
005044
005045
005046
005047
005048
005049
005050
005051
005052
005053
005054
005055
005056
005057
005058
005059
005060
005061
005061.1
005061.2
005062
005063
005064
005065
005066
005067
005068
005069
005070
005071
005072
005073
005074
005075
005076
005077
005078
005079
005080
005081
005081:cs
005083
005084
005085
005086
005087
005088
005089
005090
005091
005092
005093
005094
005095
005096
005097
005098
005099
005100
005101
005101:cs
005102
005103
005104
005105
005106
005107
005108
005109
005110
005111
005112
005113
005114
005115
005116
005117
005117:cs
005118
005118:cs
005119
005119.1
005120
005120:cs
005121
005122
005123
005124
005125
005126
005127
005127:cs
005128
005128.1
005129
005130
005131
005132
005133
005134
005135
005136
005137
005138
005138.2
005139
005140
005141
005142
005143
005144
005145
005146
005147
005148
005149
005149.1
005150
005151
005152
005153
005153.1
005154
005155
005156
005157
005158
005158.1
005159
005159.1
005160
005161
005161.1
005162
005163
005164
005165
005166
005167
005168
005169
005169:cs
005170
005171
005172
005173
005174
005175
005176
005177
005178
005179
005180
005181
005182
005183
005184
005185
005186
005187
005188
005189
005190
005191
005192
005193
005193.1
005194
005195
005195.1
005195.2
005196
005197
005198
005199
005200
005201
005202
005203
005204
005205
005206
005207
005208
005209
005210
005211
005212
005213
005214
005215
005215.1
005216
005217
005218
005219
005220
005221
005222
005223
005224
005225
005226
005227
005227.1
005228
005229
005230
005231
005232
005233
005234
005235
005235.1
005236
005237
005238
005239
005240
005241
005242
005243
005244
005245
005246
005247
005248
005249
005250
005251
005251.1
005251.2
005252
005253
005254
005255
005256
005256.1
005257
005258
005259
005260
005261
005261.1
005262
005263
005264
005265
005266
005267
005268
005269
005270
005271
005272
005273
005274
005275
005276
005277
005278
005279
005280
005281
005282
005283
005284
005285
005286
005287
005288
005289
005290
005291
005292
005293
005294
005295
005296
005297
005298
005299
005300
005301
005302
005303
005304
005305
005306
005307
005308
005309
005310
005311
005312
005313
005314
005315
005316
005317
005318
005319
005320
005321
005322
005323
005324
005325
005326
005327
005327:cs
005328
005329
005330
005331
005332
005333
005334
005335
005336
005337
005338
005339
005340
005341
005342
005343
005344
005345
005346
005347
005348
005349
005350
005351
005352
005353
005354
005354.1
005355
005356
005357
005358
005359
005360
005361
005362
005363
005364
005365
005366
005367
005368
005369
005370
005371
005372
005373
005374
005374.1
005375
005376
005377
005378
005379
005380
005381
005382
005383
005384
005385
005386
005387
005388
005389
005389.1
005390
005391
005392
005393
005394
005395
005396
005397
005398
005399
005400
005401
005402
005403
005404
005405
005406
005407
005408
005409
005409.1
005410
005411
005412
005413
005414
005415
005416
005417
005418
005419
005420
005420.1
005421
005421.1
005421.2
005422
005423
005424
005425
005426
005427
005428
005429
005430
005431
005432
005433
005434
005435
005436
005437
005438
005439
005440
005441
005442
005443
005444
005445
005446
005447
005448
005449
005450
005451
005452
005453
005453.1
005454
005455
005456
005457
005458
005459
005460
005461
005462
005463
005464
005465
005467
005468
005469
005470
005471
005472
005473
005474
005475
005476
005477
005478
005479
005480
005481
005482
005483
005484
005485
005486
005487
005488
005489
005490
005491
005492
005493
005494
005495
005496
005497
005498
005499
005500
005501
005502
005503
005504
005504.0
005505
005506
005507
005508
005509
005509.1
005510
005511
005512
005513
005514
005515
005516
005517
007549.1
007816.1
200001
200002
200003
200004
200005
200006
200007
200008
200011
200012
200013
200014
200015
200016
200017
200018
200019
200020
200020:cs
200021
200022
200023
200024
200025
200026
200027
200028
200029
200030
200031
200032
200033
200034
200035
200036
200037
200038
200039
200040
200041
200042
200043
200044
200045
200046
200047
200048
200049
200051
200052
200053
200054
200055
200056
200057
200058
200059
200060
200061
200062
200063
200064
200065
200066
200067
200068
200069
200070
200071
200072
200073
200074
200075
200076
200077
200078
200079
200080
200081
200082
200083
200084
200085
200086
200087
200088
200089
200090
200091
200092
200093
200094
200095
200096
200097
200098
200099
200100
200101
200102
200103
200104
200105
200106
200107
200108
200109
200110
200111
200112
200113
200114
200115
200116
200117
200118
200119
200120
200121
200122
200123
200124
200125
200126
200127
200128
200129
200130
200131
200132
200133
200134
200135
200136
200137
200138
200139
200140
200141
200142
200143
200144
200146
200147
200148
200149
200150
200151
200152
200153
200154
200155
200156
200157
200158
200159
200160
200161
200162
200164
200165
200166
200167
200168
200169
200170
200171
200172
200173
200174
200175
200176
200177
200178
200179
200180
200181
200182
200183
200184
200185
200186
200187
200188
200189
200190
200191
200192
200193
200194
200195
200196
200197
200198
200199
200200
200201
200202
200203
200204
200205
200206
200207
200208
200209
200210
200211
200212
200213
200214
200215
200216
200217
200218
200219
200220
200221
200222
200224
200225
200226
200227
200228
200230
200231
200232
200233
200234
200235
200236
200237
200238
200239
200240
200241
200242
200243
200244
200245
200246
200247
200248
200249
200250
200251
200252
200253
200254
200255
200256
200257
200258
200259
200260
200261
200262
200263
200264
200265
200266
200267
200269
200270
200271
200272
200273
200274
200275
200276
200277
200278
200279
200280
200281
200282
200283
200284
200285
200286
200288
200289
200290
200291
200292
200293
200294
200295
200296
200297
200298
200300
200301
200302
200303
200304
200305
200306
200307
200308
200309
200310
200311
200312
200313
200314
200315
200316
200317
200318
200319
200320
200321
200322
200323
200324
200325
200326
200327
200328
200329
200330
200331
200332
200333
200334
200335
200336
200337
200338
200339
200340
200341
200342
200343
200344
200345
200346
200347
200348
200349
200350
200351
200353
200354
200355
200356
200357
200358
200359
200360
200361
200362
200363
200364
200365
200366
200367
200368
200369
200370
200371
200372
200373
200374
200375
200376
200378
200379
200380
200381
200382
200383
200384
200386
200388
200389
200390
200391
200392
200393
200394
200395
200396
200397
200398
200399
200400
200401
200402
200403
200404
200405
200406
200407
200408
200409
200410
200411
200412
200413
200414
200415
200416
200417
200418
200419
200420
200421
200422
200423
200424
200425
200426
200427
200428
200429
200430
200431
200432
200433
200434
200435
200436
200437
200438
200439
200440
200441
200442
200443
200444
200445
200446
200447
200448
200449
200450
200451
200452
200453
200454
200455
200455.1
200456
200457
200458
200459
200460
200461
200462
200463
200464
200464.1
200465
200466
200467
200468
200469
200470
200471
200472
200473
200474
200475
200476
200477
200478
200479
200480
200481
200482
200483
200484
200485
200486
200487
200488
200489
200490
200491
200492
200493
200494
200495
200496
200497
200498
200499
200500
200501
200502
200503
200504
200505
200506
200507
200508
200509
200510
200511
200512
200513
200514
200515
200516
200517
200518
200519
200520
200521
200522
200523
200524
200525
200526
200527
200528
200529
200530
200531
200532
200533
200534
200535
200536
200537
200538
200539
200540
200541
200542
200543
200544
200545
200546
200547
200548
200549
200550
200551
200552
200554
200555
200556
200557
200558
200559
200560
200561
200562
200563
200564
200565
200566
200567
200568
200569
200570
200571
200572
200573
200574
200575
200576
200577
200578
200579
200580
200581
200582
200583
200584
200585
200586
200587
200588
200589
200590
200591
200592
200594
200595
200596
200597
200598
200599
200600
200601
200602
200603
200604
200605
200606
200607
200608
200609
200610
200611
200612
200613
200614
200615
200616
200617
200617.1
200618
200619
200620
200621
200622
200623
200624
200625
200626
200627
200628
200629
200630
200631
200632
200633
200634
200635
200636
200637
200638
200639
200640
200641
200641.2
200642
200643
200644
200645
200646
200647
200648
200649
200650
200651
200652
200653
200654
200655
200656
200658
200659
200660
200661
200662
200663
200664
200665
200666
200667
200668
200669
200670
200671
200672
200673
200674
200675
200676
200677
200678
200679
200680
200681
200682
200682.1
200683
200684
200685
200686
200687
200688
200689
200690
200691
200692
200693
200694
200695
200696
200697
200698
200699
200700
200701
200702
200703
200705
200706
200707
200708
200709
200710
200711
200712
200713
200714
200715
200716
200717
200718
200719
200720
200721
200722
200723
200724
200725
200726
200727
200728
200729
200730
200731
200732
200733
200734
200735
200736
200737
200738
200739
200740
200741
200742
200743
200744
200745
200746
200747
200748
200749
200750
200751
200752
200752.1
200754
200755
200756
200758
200759
200760
200761
200762
200763
200764
200765
200766
200767
200768
200769
200770
200771
200772
200773
200774
200775
200776
200777
200778
200779
200780
200781
200782
200783
200784
200785
200786
200787
200788
200789
200790
200791
200792
200793
200794
200795
200796
200797
200798
200799
200800
200801
200802
200803
200804
200805
200807
200808
200809
200810
200811
200812
200813
200814
200815
200816
200817
200818
200820
200821
200822
200823
200824
200825
200826
200827
200828
200829
200830
200831
200832
200833
200833:cs
200834
200835
200836
200837
200838
200839
200840
200841
200842
200843
200844
200845
200846
200847
200848
200849
200850
200851
200852
200854
200855
200856
200857
200858
200859
200861
200861.1
200862
200863
200864
200865
200866
200867
200868
200869
200870
200870.1
200872
200873
200874
200875
200876
200877
200878
200879
200880
200881
200882
200883
200884
200885
200886
200887
200888
200889
200890
200891
200892
200893
200894
200895
200896
200897
200898
200899
200900
200901
200902
200903
200904
200905
200906
200907
200908
200909
200910
200911
200912
200913
200914
200915
200916
200917
200918
200918.1
200919
200920
200921
200922
200923
200924
200925
200926
200927
200928
200929
200930
200931
200934
200935
200936
200937
200938
200939
200940
200941
200942
200943
200944
200945
200946
200947
200948
200949
200950
200951
200952
200953
200954
200955
200956
200957
200958
200959
200960
200961
200962
200963
200964
200965
200966
200967
200968
200969
200970
200971
200972
200973
200975
200977
200978
200979
200980
200981
200982
200983
200984
200985
200986
200987
200988
200989
200990
200991
200992
200993
200994
200995
200996
200997
200998
200999
201000
201001
201002
201003
201004
201005
201006
201007
201008
201009
201010
201011
201012
201013
201015
201016
201017
201018
201020
201021
201022
201023
201024
201025
201026
201027
201028
201029
201030
201031
201032
201033
201034
201035
201036
201037
201038
201039
201040
201041
201042
201043
201044
201045
201046
201047
201048
201049
201050
201051
201052
201053
201054
201055
201056
201057
201058
201059
201060
201061
201063
201064
201065
201066
201067
201068
201069
201070
201071
201072
201073
201075
201076
201077
201078
201079
201080
201081
201083
201084
201085
201086
201087
201088
201089
201090
201091
201092
201093
201094
201095
201096
201097
201098
201099
201100
201101
201103
201104
201105
201106
201107
201108
201109
201110
201112
201113
201114
201115
201116
201117
201118
201119
201120
201121
201122
201123
201124
201125
201126
201127
201128
201129
201130
201131
201132
201133
201134
201135
201136
201137
201138
201139
201140
201141
201142
201143
201144
201145
201146
201147
201148
201149
201150
201151
201152
201153
201154
201155
201156
201157
201158
201159
201160
201161
201162
201163
201165
201166
201167
201168
201169
201170
201171
201172
201173
201174
201175
201176
201177
201178
201179
201180
201181
201182
201183
201184
201185
201186
201187
201188
201189
201190
201191
201192
201193
201194
201195
201196
201197
201198
201199
201200
201201
201202
201203
201204
201205
201206
201207
201208
201209
201210
201212
201213
201214
201215
201217
201218
201219
201220
201221
201222
201223
201224
201225
201226
201227
201228
201229
201230
201231
201232
201233
201234
201235
201236
201237
201238
201239
201240
201241
201242
201243
201244
201245
201247
201248
201249
201250
201251
201252
201253
201254
201255
201256
201257
201258
201259
201260
201261
201262
201263
201264
201265
201266
201268
201269
201270
201271
201272
201273
201274
201275
201276
201277
201278
201280
201281
201282
201283
201284
201285
201286
201287
201288
201289
201290
201291
201293
201294
201295
201296
201297
201298
201299
201300
201302
201303
201304
201305
201306
201307
201308
201309
201310
201311
201312
201313
201314
201315
201316
201317
201318
201319
201320
201321
201322
201323
201324
201325
201326
201327
201328
201330
201331
201332
201333
201334
201335
201336
201337
201338
201339
201340
201341
201342
201343
201344
201345
201346
201347
201348
201349
201350
201351
201352
201353
201354
201355
201356
201357
201359
201360
201361
201362
201363
201364
201365
201366
201367
201367.1
201368
201369
201370
201371
201372
201372.1
201373
201374
201375
201376
201377
201378
201379
201380
201381
201382
201383
201384
201385
201386
201387
201388
201389
201390
201391
201392
201393
201394
201395
201396
201397
201398
201399
201400
201401
201402
201403
201404
201405
201406
201407
201408
201409
201410
201411
201412
201413
201414
201415
201416
201417
201418
201419
201420
201421
201422
201423
201424
201425
201426
201427
201428
201429
201430
201431
201432
201433
201435
201436
201437
201438
201439
201440
201441
201443
201444
201445
201446
201447
201448
201449
201450
201451
201452
201453
201454
201455
201456
201457
201458
201459
201460
201461
201462
201463
201464
201465
201466
201467
201468
201469
201470
201471
201472
201474
201475
201476
201477
201478
201479
201480
201481
201482
201483
201484
201485
201486
201487
201488
201489
201490
201491
201492
201493
201494
201495
201496
201497
201498
201499
201500
201501
201502
201503
201504
201505
201507
201508
201509
201510
201511
201512
201513
201514
201517
201518
201519
201520
201521
201522
201523
201524
201525
201526
201527
201528
201529
201530
201531
201532
201533
201534
201535
201536
201537
201538
201539
201540
201541
201542
201543
201544
201545
201546
201547
201548
201549
201550
201551
201552
201553
201554
201555
201556
201557
201557.1
201558
201559
201560
201561
201562
201563
201564
201565
201566
201567
201568
201569
201570
201571
201572
201573
201574
201575
201576
201577
201578
201579
201580
201581
201582
201583
201584
201585
201586
201587
201588
201589
201590
201591
201592
201593
201594
201595
201596
201597
201598
201599
201600
201601
201602
201603
201604
201605
201606
201607
201608
201609
201610
201611
201612
201613
201615
201616
201617
201620
201621
201622
201624
201624.1
201625
201626
201627
201628
201629
201630
201631
201632
201633
201634
201635
201635.1
201636
201637
201638
201640
201642
201643
201644
201645
201646
201648
201649
201650
201651
201653
201655
201656
201657
201658
201659
201660
201661
201662
201664
201665
201666
201668
201669
201670
201671
201672
201673
201674
201675
201677
201678
201679
201680
201681
201683
201684
201685
201686
201687
201688
201689
201690
201691
201692
201693
201694
201695
201696
201697
201698
201699
201700
201701
201702
201703
201704
201705
201707
201708
201710
201711
201712
201713
201714
201716
201717
201718
201719
201720
201721
201722
201723
201724
201725
201726
201727
201728
201729
201730
201731
201732
201733
201734
201735
201736
201738
201739
201740
201741
201743
201744
201746
201747
201748
201749
201750
201751
201752
201753
201754
201755
201756
201757
201758
201759
201760
201761
201762
201763
201765
201767
201767.1
201768
201770
201771
201772
201773
201774
201775
201776
201777
201778
201779
201780
201781
201782
201783
201783.1
201783.2
201786
201787
201788
201789
201790
201791
201792
201793
201794
201795
201796
201797
201798
201799
201801
201802
201803
201804
201805
201806
201807
201809
201810
201811
201812
201813
201814
201815
201816
201817
201818
201819
201820
201821
201822
201823
201824
201825
201826
201827
201828
201829
201830
201831
201832
201833
201834
201836
201837
201839
201840
201841
201842
201843
201844
201846
201847
201848
201849
201850
201851
201852
201853
201854
201855
201856
201857
201858
201859
201860
201861
201862
201863
201864
201866
201867
201868
201870
201871
201872
201873
201874
201875
201876
201877
201878
201878:cs
201879
201880
201881
201882
201883
201884
201885
201886
201887
201888
201889
201890
201891
201892
201893
201894
201895
201896
201897
201898
201899
201900
201901
201902
201903
201904
201905
201906
201907
201908
201909
201910
201911
201912
201913
201914
201915
201916
201917
201918
201919
201921
201923
201924
201925
201926
201927
201928
201929
201930
201931
201933
201934
201935
201936
201937
201937.1
201938
201939
201940
201941
201942
201943
201944
201945
201946
201947
201949
201950
201951
201952
201953
201954
201955
201956
201957
201958
201959
201960
201962
201963
201964
201966
201967
201968
201969
201970
201971
201972
201973
201974
201976
201977
201978
201979
201980
201981
201982
201983
201985
201987
201988
201989
201990
201991
201992
201993
201994
201995
201996
201997
201998
201999
202000
202001
202002
202004
202005
202006
202007
202008
202009
202010
202011
202012
202013
202014
202015
202016
202018
202019
202021
202022
202023
202024
202025
202026
202027
202028
202029
202030
202031
202032
202033
202034
202035
202036
202037
202039
202040
202041
202042
202043
202044
202045
202047
202048
202049
202050
202052
202053
202054
202055
202056
202057
202058
202059
202060
202061
202062
202063
202064
202065
202066
202067
202068
202069
202071
202073
202074
202075
202077
202078
202079
202082
202083
202084
202085
202087
202088
202089
202090
202091
202092
202093
202094
202095
202096
202097
202098
202099
202100
202101
202102
202103
202105
202106
202108
202109
202110
202111
202112
202113
202114
202115
202116
202117
202118
202120
202121
202122
202123
202124
202125
202126
202127
202128
202129
202130
202131
202133
202134
202135
202136
202137
202138
202139
202140
202141
202142
202143
202144
202145
202146
202147
202148
202149
202150
202151
202152
202153
202154
202155
202156
202157
202158
202159
202160
202161
202162
202163
202164
202165
202166
202167
202168
202169
202170
202171
202172
202173
202174
202175
202176
202177
202178
202179
202180
202181
202182
202183
202184
202185
202186
202187
202188
202188.1
202189
202190
202191
202192
202194
202195
202196
202197
202198
202199
202200
202201
202202
202203
202204
202205
202206
202207
202208
202209
202210
202210.1
202211
202212
202213
202214
202214.1
202215
202216
202217
202218
202219
202220
202221
202222
202223
202224
202225
202226
202227
202228
202229
202230
202231
202232
202233
202234
202235
202236
202237
202238
202240
202241
202242
202243
202244
202245
202246
202247
202247.1
202248
202249
202250
202251
202252
202253
202254
202256
202257
202258
202259
202260
202261
202263
202264
202265
202266
202267
202268
202269
202271
202272
202273
202274
202275
202276
202278
202279
202280
202281
202282
202284
202285
202286
202287
202288
202289
202290
202291
202292
202293
202294
202295
202296
202297
202298
202299
202300
202301
202302
202303
202304
202305
202306
202307
202310
202311
202312
202313
202314
202315
202316
202317
202318
202319
202320
202321
202322
202323
202324
202325
202326
202327
202328
202329
202331
202332
202333
202334
202335
202336
202337
202338
202340
202341
202342
202343
202344
202346
202347
202348
202349
202350
202351
202352
202353
202354
202355
202356
202357
202358
202359
202360
202361
202362
202363
202364
202365
202366
202367
202368
202369
202370
202371
202372
202373
202374
202375
202376
202377
202379
202380
202382
202383
202384
202385
202387
202388
202389
202390
202391
202393
202394
202395
202397
202398
202399
202400
202401
202402
202405
202406
202407
202408
202409
202410
202411
202413
202414
202415
202416
202417
202418
202419
202420
202421
202422
202424
202425
202426
202428
202429
202430
202431
202431.1
202431.2
202431.3
202431.4
202432
202433
202434
202435
202436
202437
202438
202439
202440
202441
202442
202443
202444
202445
202447
202448
202449
202450
202452
202453
202455
202456
202457
202458
202459
202460
202461
202462
202463
202465
202466
202467
202468
202469
202470
202471
202472
202473
202474
202475
202477
202478
202479
202480
202481
202482
202483
202484
202485
202486
202487
202488
202489
202490
202491
202492
202493
202494
202495
202496
202497
202498
202499
202500
202501
202502
202503
202504
202505
202507
202508
202509
202510
202511
202512
202513
202514
202514.1
202515
202516
202517
202518
202519
202520
202521
202522
202523
202524
202525
202527
202528
202529
202530
202531
202532
202533
202534
202535
202536
202537
202538
202539
202540
202541
202542
202543
202546
202548
202549
202550
202551
202552
202553
202554
202555
202556
202557
202558
202559
202560
202561
202562
202563
202564
202565
202566
202567
202568
202569
202570
202571
202572
202573
202574
202575
202576
202577
202578
202579
202580
202581
202582
202583
202584
202585
202586
202588
202589
202590
202591
202592
202593
202594
202595
202596
202597
202598
202599
202600
202601
202602
202603
202604
202605
202606
202607
202608
202609
202610
202611
202612
202614
202615
202616
202617
202618
202619
202620
202622
202623
202624
202625
202626
202627
202628
202629
202630
202631
202632
202633
202634
202635
202636
202637
202638
202639
202640
202640.1
202641
202642
202643
202645
202646
202647
202649
202651
202652
202653
202654
202655
202659
202660
202661
202662
202663
202664
202665
202666
202667
202668
202669
202670
202671
202672
202673
202674
202675
202676
202677
202678
202679
202680
202681
202682
202683
202685
202687
202687.1
202688
202689
202690
202692
202693
202694
202695
202696
202697
202698
202699
202700
202701
202702
202705
202706
202707
202708
202709
202710
202711
202712
202713
202714
202715
202716
202717
202718
202719
202720
202721
202722
202723
202724
202725
202726
202727
202728
202729
202730
202731
202732
202733
202734
202735
202736
202737
202738
202739
202740
202741
202743
202744
202745
202746
202747
202748
202749
202751
202751.1
202752
202754
202755
202756
202757
202758
202759
202760
202761
202762
202763
202764
202765
202766
202767
202768
202769
202770
202771
202772
202773
202774
202775
202776
202777
202778
202779
202780
202782
202783
202784
202785
202786
202787
202788
202790
202791
202792
202793
202794
202795
202796
202798
202799
202800
202801
202803
202804
202805
202806
202807
202808
202809
202810
202812
202813
202814
202815
202816
202817
202818
202819
202820
202821
202822
202823
202824
202825
202826
202828
202829
202830
202831
202832
202833
202834
202835
202836
202837
202838
202839
202840
202841
202842
202843
202844
202845
202846
202847
202848
202849
202850
202851
202852
202853
202854
202855
202856
202857
202858
202859
202860
202861
202862
202863
202864
202865
202866
202867
202868
202869
202870
202871
202872
202873
202874
202875
202876
202877
202878
202879
202880
202881
202882
202883
202884
202884.1
202885
202886
202887
202888
202889
202890
202891
202893
202894
202895
202896
202897
202898
202899
202900
202901
202902
202903
202904
202905
202906
202907
202908
202909
202910
202913
202915
202916
202917
202918
202919
202920
202921
202922
202923
202924
202925
202926
202927
202928
202929
202930
202931
202932
202933
202934
202935
202936
202938
202939
202940
202941
202942
202943
202944
202945
202946
202947
202948
202949
202950
202951
202952
202953
202954
202955
202956
202957
202958
202960
202961
202962
202964
202965
202966
202967
202968
202969
202970
202971
202972
202973
202974
202975
202976
202977
202978
202979
202980
202981
202982
202983
202984
202985
202986
202987
202988
202989
202990
202991
202992
202993
202994
202995
202996
202997
202998
202999
203000
203001
203002
203003
203004
203005
203006
203007
203008
203009
203010
203011
203012
203013
203014
203015
203016
203017
203018
203019
203020
203022
203023
203024
203025
203026
203027
203029
203030
203032
203033
203034
203035
203036
203037
203038
203040
203041
203042
203043
203044
203045
203046
203047
203048
203049
203050
203051
203053
203054
203055
203056
203057
203058
203060
203061
203062
203063
203064
203065
203066
203067
203068
203069
203070
203071
203072
203073
203074
203075
203076
203077
203078
203079
203080
203082
203083
203084
203085
203086
203087
203090
203091
203092
203094
203095
203096
203097
203098
203099
203100
203101
203102
203103
203104
203105
203106
203107
203108
203109
203110
203111
203112
203113
203114
203115
203116
203117
203118
203119
203120
203121
203122
203123
203124
203125
203126
203127
203128
203129
203130
203131
203132
203132.1
203133
203134
203135
203136
203137
203138
203139
203140
203142
203143
203144
203145
203146
203147
203148
203149
203150
203151
203152
203153
203154
203155
203157
203159
203160
203161
203162
203163
203164
203165
203168
203170
203171
203172
203173
203174
203175
203176
203177
203178
203181
203182
203183
203184
203186
203187
203188
203189
203190
203191
203192
203194
203195
203196
203199
203200
203201
203202
203203
203204
203205
203206
203207
203208
203209
203210
203211
203212
203213
203214
203215
203216
203217
203218
203219
203220
203221
203222
203224
203225
203226
203227
203228
203229
203230
203232
203233
203234
203236
203237
203238
203239
203240
203242
203243
203244
203245
203246
203248
203249
203250
203251
203252
203253
203254
203255
203255.1
203256
203257
203258
203259
203260
203261
203262
203263
203264
203265
203266
203267
203268
203269
203271
203272
203273
203274
203275
203276
203277
203278
203279
203282
203283
203285
203286
203287
203289
203290
203291
203292
203293
203294
203295
203296
203297
203298
203299
203300
203301
203302
203303
203304
203305
203306
203307
203309
203310
203311
203312
203313
203314
203315
203316
203317
203318
203319
203320
203321
203322
203323
203324
203325
203326
203327
203328
203329
203330
203331
203332
203333
203334
203335
203336
203337
203338
203339
203340
203341
203342
203343
203344
203345
203345.1
203346
203347
203348
203349
203350
203351
203352
203353
203354
203355
203356
203357
203358
203359
203360
203361
203362
203363
203364
203365
203367
203368
203369
203370
203371
203372
203373
203374
203375
203376
203377
203378
203379
203380
203381
203382
203383
203384
203385
203386
203387
203388
203389
203390
203392
203393
203394
203395
203396
203397
203398
203399
203400
203401
203402
203403
203404
203405
203406
203407
203409
203410
203411
203412
203413
203414
203415
203416
203417
203419
203420
203421
203422
203423
203424
203425
203426
203427
203428
203429
203430
203431
203432
203433
203434
203435
203436
203437
203438
203439
203440
203441
203442
203443
203444
203445
203446
203447
203448
203450
203451
203452
203453
203454
203455
203456
203457
203458
203459
203460
203461
203462
203463
203464
203465
203466
203467
203468
203469
203471
203472
203473
203474
203475
203476
203477
203478
203479
203480
203481
203482
203483
203484
203485
203486
203487
203488
203489
203490
203491
203492
203494
203495
203496
203497
203498
203499
203500
203501
203502
203503
203504
203505
203507
203508
203509
203510
203511
203513
203514
203515
203516
203517
203518
203519
203520
203521
203522
203523
203524
203525
203526
203527
203528
203530
203532
203534
203535
203536
203536.1
203538
203539
203540
203542
203543
203544
203545
203546
203547
203548
203549
203550
203551
203552
203554
203554:cs
203555
203556
203557
203558
203559
203560
203561
203562
203563
203565
203566
203567
203568
203569
203570
203571
203572
203573
203574
203575
203576
203576:cs
203577
203578
203579
203579.1
203580
203581
203582
203582.1
203583
203584
203585
203586
203587
203588
203589
203590
203591
203592
203593
203594
203595
203596
203597
203598
203599
203600
203601
203602
203603
203604
203605
203606
203607
203608
203609
203610
203611
203612
203613
203615
203616
203617
203618
203619
203620
203621
203622
203623
203624
203625
203626
203627
203628
203629
203630
203631
203632
203633
203634
203635
203636
203637
203638
203639
203640
203641
203642
203643
203644
203645
203646
203647
203648
203649
203650
203651
203652
203653
203654
203655
203656
203657
203658
203659
203660
203661
203662
203663
203664
203665
203666
203667
203668
203669
203670
203671
203672
203673
203674
203675
203676
203677
203678
203678.1
203679
203680
203681
203682
203683
203683.1
203684
203688
203689
203691
203692
203693
203694
203695
203696
203697
203698
203699
203700
203701
203702
203703
203704
203705
203706
203707
203708
203709
203710
203711
203712
203713
203714
203715
203716
203717
203718
203719
203720
203721
203722
203723
203724
203725
203726
203727
203728
203729
203730
203731
203732
203733
203734
203735
203736
203737
203738
203739
203740
203741
203742
203743
203744
203745
203746
203747
203749
203750
203752
203753
203754
203755
203756
203757
203758
203759
203760
203761
203762
203763
203764
203765
203766
203767
203768
203769
203770
203771
203772
203773
203774
203775
203776
203777
203778
203779
203780
203781
203782
203783
203784
203785
203786
203787
203788
203790
203791
203792
203793
203794
203795
203796
203797
203797.1
203798
203799
203800
203801
203802
203803
203804
203806
203807
203808
203809
203810
203811
203812
203813
203814
203815
203816
203817
203818
203819
203820
203822
203823
203824
203825
203826
203827
203828
203829
203830
203831
203832
203833
203834
203835
203836
203837
203838
203839
203840
203841
203842
203843
203844
203845
203846
203846.1
203847
203848
203849
203850
203851
203852
203853
203854
203855
203856
203857
203858
203859
203860
203861
203862
203863
203864
203866
203867
203868
203869
203870
203871
203872
203874
203875
203876
203877
203878
203879
203881
203882
203883
203884
203885
203886
203887
203888
203889
203890
203891
203892
203893
203894
203895
203896
203897
203898
203899
203900
203901
203902
203903
203904
203905
203906
203907
203908
203909
203910
203911
203912
203913
203914
203915
203916
203917
203919
203920
203921
203922
203923
203924
203925
203926
203927
203928
203929
203930
203931
203932
203933
203934
203935
203936
203937
203938
203939
203940
203941
203942
203943
203944
203945
203946
203947
203948
203949
203950
203951
203952
203953
203954
203955
203956
203956.1
203957
203958
203959
203960
203961
203962
203963
203964
203965
203966
203967
203968
203969
203970
203971
203972
203973
203974
203975
203976
203977
203980
203981
203984
203985
203987
203988
203989
203990
203991
203992
203993
203994
203995
203996
203997
203998
203999
204000
204001
204002
204003
204004
204005
204006
204007
204008
204009
204010
204011
204012
204013
204014
204015
204016
204017
204018
204019
204020
204021
204022
204022.1
204023
204024
204024.1
204026
204027
204028
204029
204031
204032
204034
204035
204036
204038
204040
204041
204042
204043
204044
204045
204046
204047
204048
204049
204050
204051
204052
204053
204054
204055
204056
204057
204058
204059
204060
204061
204062
204063
204064
204065
204066
204067
204068
204069
204070
204071
204072
204073
204074
204075
204076
204077
204078
204079
204080
204082
204083
204084
204086
204087
204088
204089
204090
204091
204092
204093
204094
204095
204096
204097
204098
204099
204100
204101
204102
204103
204104
204105
204106
204107
204108
204109
204110
204111
204112
204113
204114
204115
204116
204117
204118
204119
204120
204121
204122
204123
204125
204126
204127
204128
204129
204130
204131
204132
204133
204134
204135
204136
204137
204138
204139
204140
204141
204142
204143
204144
204145
204146
204147
204148
204149
204150
204151
204152
204153
204154
204155
204156
204157
204158
204159
204160
204161
204162
204163
204164
204165
204166
204167
204168
204169
204170
204171
204172
204173
204174
204175
204176
204177
204178
204179
204180
204181
204182
204183
204184
204185
204186
204187
204188
204189
204190
204191
204192
204193
204195
204196
204197
204199
204200
204202
204203
204204
204205
204205.1
204206
204207
204208
204209
204210
204211
204212
204213
204214
204215
204217
204218
204219
204220
204221
204222
204223
204224
204225
204226
204228
204229
204230
204231
204232
204233
204234
204235
204236
204237
204238
204239
204240
204241
204242
204243
204244
204245
204246
204247
204248
204249
204251
204252
204253
204254
204255
204256
204257
204258
204259
204260
204261
204262
204263
204264
204265
204266
204267
204268
204269
204270
204271
204272
204273
204274
204275
204276
204277
204278
204279
204280
204281
204282
204283
204284
204285
204286
204287
204288
204288.1
204289
204290
204291
204292
204293
204294
204295
204296
204297
204298
204299
204300
204301
204302
204303
204304
204305
204306
204307
204308
204309
204310
204311
204312
204313
204314
204316
204318
204319
204320
204321
204322
204323
204324
204325
204327
204328
204329
204330
204331
204332
204333
204334
204335
204335:cs
204337
204338
204339
204340
204341
204342
204343
204344
204345
204346
204347
204348
204349
204350
204351
204352
204353
204354
204355
204356
204357
204358
204359
204360
204361
204362
204363
204364
204365
204366
204367
204368
204369
204370
204371
204372
204373
204374
204375
204376
204377
204378
204379
204380
204381
204382
204383
204384
204385
204386
204387
204388
204389
204390
204391
204392
204393
204394
204395
204396
204397
204398
204399
204400
204401
204402
204403
204404
204405
204407
204408
204409
204410
204411
204412
204413
204414
204415
204416
204417
204418
204419
204420
204421
204422
204423
204424
204425
204426
204427
204428
204430
204431
204432
204433
204434
204434.1
204435
204436
204438
204439
204440
204441
204442
204444
204446
204447
204448
204449
204450
204451
204452
204453
204454
204455
204456
204457
204458
204458.1
204460
204461
204462
204463
204464
204465
204466
204467
204468
204469
204470
204471
204472
204473
204474
204475
204476
204477
204479
204479.1
204480
204481
204482
204483
204484
204485
204486
204487
204488
204489
204490
204491
204492
204493
204494
204495
204496
204497
204498
204499
204500
204501
204503
204504
204505
204506
204507
204508
204509
204510
204511
204512
204513
204514
204515
204516
204517
204518
204519
204520
204521
204522
204523
204524
204525
204526
204527
204528
204529
204530
204531
204532
204533
204534
204535
204536
204537
204538
204539
204540
204541
204542
204543
204544
204545
204546
204547
204548
204549
204550
204551
204552
204553
204554
204555
204557
204558
204559
204560
204561
204562
204563
204564
204565
204566
204568
204569
204570
204571
204572
204573
204574
204575
204576
204577
204578
204579
204580
204581
204582
204583
204584
204585
204586
204587
204588
204589
204590
204591
204592
204593
204594
204595
204596
204597
204598
204599
204600
204601
204602
204603
204604
204605
204606
204607
204608
204609
204610
204611
204612
204615
204618
204620
204622
204623
204625
204626
204627
204628
204629
204630
204631
204632
204633
204634
204635
204637
204638
204639
204640
204641
204643
204644
204645
204646
204647
204648
204649
204650
204651
204652
204653
204654
204655
204656
204657
204658
204659
204661
204662
204663
204664
204665
204667
204668
204669
204671
204672
204673
204675
204675.1
204676
204677
204678
204679
204680
204681
204681.1
204682
204683
204684
204685
204687
204688
204690
204691
204692
204693
204695
204696
204697
204698
204699
204700
204701
204702
204703
204704
204705
204706
204707
204708
204710
204711
204712
204713
204714
204715
204717
204718
204719
204720
204721
204722
204723
204725
204727
204728
204729
204730
204731
204732
204733
204734
204735
204736
204737
204740
204741
204742
204743
204744
204745
204746
204747
204748
204749
204750
204751
204752
204753
204754
204755
204756
204757
204758
204759
204760
204761
204763
204764
204765
204766
204767
204768
204769
204770
204771
204772
204773
204774
204775
204776
204777
204778
204779
204780
204781
204782
204783
204784
204785
204786
204787
204788
204789
204790
204791
204792
204793
204794
204795
204796
204797
204798
204799
204800
204801
204802
204803
204804
204805
204806
204807
204808
204809
204810
204811
204812
204813
204814
204815
204816
204817
204818
204819
204820
204821
204822
204823
204824
204825
204825.1
204826
204828
204829
204830
204831
204832
204833
204834
204835
204836
204837
204838
204839
204840
204841
204842
204843
204845
204846
204847
204848
204849
204851
204852
204853
204854
204855
204856
204857
204858
204859
204860
204861
204862
204863
204864
204865
204866
204867
204868
204869
204870
204871
204872
204873
204874
204875
204876
204877
204878
204879
204880
204881
204882
204883
204884
204885
204886
204887
204888
204890
204891
204892
204893
204894
204895
204896
204897
204898
204900
204901
204902
204903
204904
204905
204906
204907
204908
204909
204911
204912
204913
204914
204915
204916
204917
204918
204919
204920
204921
204922
204923
204924
204925
204926
204927
204928
204929
204930
204931
204932
204934
204936
204937
204938
204939
204940
204941
204942
204943
204944
204945
204946
204947
204948
204949
204950
204951
204952
204953
204954
204955
204956
204957
204958
204959
204961
204962
204963
204964
204965
204966
204967
204969
204970
204971
204972
204973
204974
204975
204977
204977.1
204978
204979
204980
204981
204982
204983
204984
204985
204986
204987
204988
204989
204990
204992
204993
204994
204995
204996
204997
204998
205000
205001
205002
205003
205004
205005
205006
205007
205008
205009
205010
205011
205012
205013
205014
205015
205016
205017
205018
205019
205020
205021
205022
205023
205024
205025
205026
205027
205028
205029
205030
205031
205032
205033
205035
205036
205037
205038
205039
205040
205041
205042
205043
205044
205045
205046
205047
205048
205049
205050
205051
205053
205055
205056
205057
205058
205059
205060
205061
205062
205063
205064
205065
205066
205067
205067.1
205069
205070
205071
205072
205073
205074
205075
205076
205077
205078
205080
205081
205082
205083
205084
205085
205086
205087
205088
205089
205090
205091
205092
205093
205095
205096
205097
205098
205099
205101
205102
205103
205104
205105
205106
205107
205108
205109
205110
205111
205112
205114
205115
205116
205117
205118
205119
205120
205121
205122
205124
205124.1
205125
205126
205127
205128
205129
205130
205131
205132
205133
205135
205136
205137
205138
205140
205141
205142
205143
205144
205145
205146
205149
205150
205151
205152
205153
205154
205155
205156
205157
205158
205159
205160
205161
205162
205163
205165
205166
205167
205168
205169
205170
205171
205173
205174
205175
205176
205177
205178
205179
205180
205181
205182
205183
205184
205185
205186
205187
205188
205189
205190
205191
205192
205193
205194
205195
205196
205197
205198
205199
205200
205201
205202
205203
205204
205205
205206
205207
205208
205209
205210
205211
205212
205213
205214
205215
205217
205218
205219
205220
205221
205222
205223
205224
205225
205226
205227
205228
205229
205230
205231
205232
205233
205234
205235
205236
205237
205238
205239
205240
205241
205243
205244
205245
205246
205247
205248
205249
205250
205251
205252
205253
205254
205255
205256
205257
205258
205259
205260
205261
205262
205263
205264
205265
205266
205267
205268
205269
205270
205271
205272
205273
205274
205275
205276
205278
205279
205280
205281
205282
205283
205284
205285
205286
205287
205288
205289
205291
205292
205293
205294
205295
205297
205298
205299
205300
205301
205302
205303
205304
205305
205306
205307
205308
205308.1
205311
205312
205315
205316
205317
205318
205319
205320
205321
205322
205323
205324
205325
205326
205327
205328
205329
205330
205331
205332
205333
205334
205335
205336
205337
205339
205341
205342
205343
205344
205345
205347
205348
205351
205352
205353
205354
205355
205356
205358
205359
205360
205361
205362
205363
205364
205365
205366
205367
205368
205371
205371.1
205372
205373
205375
205376
205377
205378
205379
205380
205381
205382
205383
205384
205385
205386
205387
205388
205389
205390
205391
205393
205394
205395
205396
205397
205398
205399
205400
205401
205402
205404
205405
205406
205407
205408
205409
205410
205411
205412
205413
205414
205415
205416
205417
205418
205419
205420
205421
205422
205423
205424
205425
205426
205427
205428
205429
205430
205431
205432
205433
205434
205435
205436
205437
205438
205439
205440
205441
205442
205443
205444
205445
205446
205448
205449
205450
205451
205452
205453
205454
205455
205456
205457
205459
205460
205461
205462
205463
205464
205465
205466
205467
205468
205469
205470
205471
205472
205473
205474
205475
205476
205478
205479
205480
205481
205482
205483
205484
205485
205486
205487
205488
205489
205490
205492
205493
205494
205495
205496
205497
205498
205499
205500
205502
205502.1
205504
205505
205507
205508
205509
205510
205511
205513
205514
205515
205516
205517
205518
205519
205520
205521
205522
205523
205524
205525
205526
205527
205528
205529
205530
205531
205532
205533
205534
205535
205536
205537
205538
205539
205540
205541
205542
205543
205544
205545
205546
205547
205548
205549
205550
205551
205552
205553
205554
205555
205556
205557
205558
205559
205560
205561
205562
205563
205564
205565
205566
205567
205568
205569
205570
205571
205572
205573
205574
205575
205576
205577
205578
205579
205580
205581
205583
205584
205585
205586
205587
205588
205589
205590
205591
205592
205593
205594
205595
205596
205597
205598
205599
205600
205601
205602
205603
205604
205605
205606
205607
205608
205609
205610
205611
205612
205613
205614
205615
205618
205619
205620
205621
205622
205623
205624
205625
205626
205627
205628
205629
205630
205631
205632
205633
205634
205635
205636
205637
205638
205639
205640
205641
205642
205643
205644
205645
205646
205647
205648
205649
205650
205651
205653
205654
205655
205656
205657
205658
205659
205660
205661
205662
205662.1
205663
205664
205665
205666
205667
205668
205669
205670
205671
205672
205673
205674
205675
205676
205677
205678
205679
205680
205681
205682
205683
205684
205685
205686
205687
205688
205689
205690
205691
205692
205693
205694
205695
205696
205697
205698
205699
205700
205701
205702
205703
205704
205705
205706
205707
205708
205709
205710
205711
205712
205713
205714
205715
205716
205717
205718
205719
205720
205721
205722
205723
205724
205725
205726
205727
205728
205729
205730
205731
205732
205733
205734
205735
205736
205737
205738
205739
205740
205741
205742
205743
205744
205745
205746
205747
205748
205749
205750
205751
205752
205753
205754
205755
205756
205757
205758
205759
205760
205761
205762
205763
205764
205765
205766
205767
205768
205769
205770
205771
205772
205773
205774
205775
205776
205777
205778
205779
205780
205781
205782
205783
205784
205785
205786
205787
205788
205789
205790
205791
205792
205793
205794
205795
205796
205797
205798
205799
205800
205801
205802
205803
205804
205805
205806
205807
205808
205809
205810
205811
205812
205813
205814
205815
205816
205817
205818
205819
205820
205821
205822
205823
205824
205825
205826
205827
205828
205829
205830
205831
205832
205833
205834
205835
205836
205837
205838
205839
205840
205841
205842
205843
205844
205845
205846
205847
205848
205849
205850
205851
205852
205853
205854
205855
205856
205857
205858
205859
205860
205861
205862
205863
205864
205865
205866
205867
205868
205869
205870
205871
205872
205873
205874
205875
205876
205877
205878
205879
205880
205881
205882
205883
205884
205885
205886
205887
205888
205889
205890
205891
205892
205893
205894
205895
205896
205897
205898
205899
205900
205901
205902
205903
205904
205905
205906
205907
205908
205909
205910
205911
205912
205913
205914
205915
205916
205917
205918
205919
205920
205921
205922
205923
205924
205925
205926
205927
205928
205929
205930
205931
205932
205933
205934
205935
205936
205937
205938
205939
205940
205941
205942
205943
205944
205945
205946
205947
205948
205949
205950
205951
205952
205953
205954
205955
205956
205957
205958
205959
205960
205961
205962
205963
205964
205965
205966
205967
205968
205969
205970
205971
205972
205973
205974
205975
205976
205977
205978
205979
205980
205981
205982
205983
205984
205985
205986
205987
205988
205989
205990
205991
205992
205993
205994
205995
205996
205997
205998
205999
206000
206001
206002
206003
206004
206005
206006
206007
206008
206009
206010
206011
206012
206013
206014
206015
206016
206017
206018
206019
206020
206021
206022
206023
206024
206025
206026
206027
206028
206029
206030
206031
206032
206033
206034
206035
206036
206037
206038
206039
206040
206041
206042
206043
206044
206045
206046
206047
206048
206049
206050
206051
206052
206053
206054
206055
206056
206057
206058
206059
206060
206062
206063
206064
206065
206066
206067
206068
206069
206070
206071
206072
206073
206074
206075
206076
206077
206078
206079
206080
206081
206082
206083
206084
206085
206086
206087
206088
206089
206090
206091
206092
206093
206094
206095
206096
206097
206098
206099
206100
206101
206102
206103
206104
206105
206106
206107
206108
206109
206110
206111
206112
206113
206114
206115
206116
206117
206118
206119
206120
206121
206122
206122.1
206123
206124
206125
206126
206127
206128
206129
206130
206131
206132
206133
206134
206135
206136
206137
206138
206139
206140
206141
206142
206143
206144
206145
206145.1
206146
206147
206148
206149
206150
206151
206152
206153
206154
206155
206156
206157
206158
206159
206160
206161
206162
206163
206164
206165
206166
206169
206170
206171
206172
206173
206174
206175
206176
206177
206178
206179
206180
206181
206182
206183
206184
206185
206186
206187
206188
206189
206190
206191
206192
206193
206194
206195
206196
206197
206198
206199
206200
206201
206202
206203
206204
206205
206206
206207
206208
206209
206210
206211
206212
206213
206214
206215
206216
206217
206218
206220
206221
206222
206224
206225
206226
206227
206228
206229
206230
206231
206232
206233
206234
206235
206236
206237
206238
206239
206240
206241
206242
206243
206245
206246
206247
206248
206249
206250
206251
206253
206254
206255
206256
206257
206258
206259
206260
206261
206262
206263
206264
206265
206266
206267
206268
206269
206270
206271
206272
206273
206274
206275
206276
206277
206278
206279
206280
206281
206282
206283
206284
206285
206286
206287
206288
206289
206290
206291
206292
206293
206294
206295
206296
206297
206298
206299
206300
206301
206302
206303
206304
206305
206306
206307
206308
206309
206310
206311
206312
206313
206314
206315
206316
206317
206318
206319
206320
206321
206322
206323
206324
206325
206327
206328
206329
206330
206331
206332
206333
206334
206335
206336
206337
206339
206339:cs
206340
206341
206342
206343
206344
206345
206346
206347
206348
206349
206350
206351
206352
206353
206354
206355
206356
206357
206358
206359
206360
206361
206362
206363
206364
206365
206366
206367
206368
206369
206370
206371
206372
206373
206374
206375
206376
206377
206378
206379
206380
206381
206382
206383
206384
206385
206386
206387
206388
206389
206390
206391
206392
206393
206394
206395
206396
206397
206398
206399
206400
206401
206402
206403
206404
206404.1
206405
206406
206407
206408
206409
206410
206411
206412
206413
206414
206415
206416
206417
206418
206419
206420
206421
206422
206423
206424
206425
206426
206427
206428
206429
206430
206431
206432
206433
206434
206435
206436
206437
206438
206439
206440
206441
206442
206443
206444
206445
206446
206447
206448
206449
206450
206451
206452
206453
206454
206455
206456
206457
206458
206459
206460
206461
206462
206463
206464
206465
206466
206467
206468
206469
206470
206471
206472
206473
206474
206475
206476
206477
206478
206479
206480
206481
206482
206483
206484
206485
206486
206487
206488
206488.1
206489
206490
206491
206492
206493
206494
206495
206496
206497
206498
206499
206500
206501
206502
206504
206505
206506
206507
206508
206509
206510
206511
206512
206513
206514
206515
206516
206517
206518
206519
206520
206521
206522
206523
206524
206525
206526
206526.1
206527
206528
206529
206529.1
206530
206531
206532
206533
206534
206535
206536
206537
206538
206539
206540
206541
206542
206543
206544
206545
206546
206547
206548
206549
206550
206551
206552
206553
206554
206555
206556
206557
206558
206559
206560
206561
206562
206563
206564
206565
206566
206567
206568
206569
206570
206571
206572
206573
206574
206575
206576
206577
206578
206579
206580
206581
206582
206583
206584
206585
206586
206587
206588
206589
206590
206591
206592
206593
206594
206595
206596
206597
206598
206599
206600
206601
206602
206603
206604
206605
206606
206607
206608
206609
206610
206611
206612
206613
206614
206615
206616
206617
206618
206619
206620
206621
206622
206623
206624
206625
206626
206627
206628
206629
206630
206631
206632
206633
206634
206635
206636
206637
206638
206639
206640
206641
206642
206643
206644
206645
206646
206647
206648
206649
206650
206651
206652
206653
206654
206655
206656
206657
206658
206659
206660
206661
206662
206663
206664
206665
206666
206667
206668
206669
206670
206671
206672
206673
206674
206675
206676
206677
206678
206679
206680
206681
206682
206683
206684
206685
206686
206687
206688
206689
206690
206691
206692
206693
206694
206695
206696
206697
206698
206699
206700
206701
206702
206703
206704
206705
206706
206707
206708
206709
206710
206711
206712
206713
206714
206715
206716
206717
206718
206719
206720
206721
206722
206723
206724
206725
206726
206727
206728
206729
206730
206731
206732
206733
206734
206735
206736
206737
206738
206739
206740
206741
206742
206743
206744
206745
206746
206747
206748
206749
206750
206751
206752
206753
206754
206755
206756
206757
206758
206759
206760
206761
206762
206763
206764
206765
206766
206767
206768
206769
206770
206771
206772
206773
206774
206775
206776
206777
206778
206779
206780
206781
206782
206783
206784
206785
206786
206788
206789
206790
206791
206792
206793
206794
206795
206796
206797
206798
206799
206800
206801
206802
206803
206804
206805
206806
206807
206808
206809
206810
206811
206812
206813
206814
206815
206816
206817
206818
206819
206820
206821
206822
206823
206824
206825
206826
206827
206828
206829
206830
206831
206832
206833
206834
206835
206836
206837
206838
206847
206848
206849
206850
206851
206852
206853
206854
206855
206856
206857
206858
206859
206860
206861
206862
206863
206864
206865
206866
206867
206868
206869
206870
206871
206872
206873
206874
206875
206876
206877
206878
206879
206880
206881
206882
206883
206884
206885
206886
206887
206888
206889
206890
206891
206892
206893
206894
206895
206896
206897
206898
206899
206900
206901
206902
206903
206904
206905
206906
206907
206908
206909
206910
206911
206912
206913
206914
206915
206915.1
206916
206917
206918
206919
206920
206921
206922
206923
206924
206925
206926
206927
206928
206929
206930
206931
206932
206933
206934
206935
206936
206937
206938
206939
206940
206941
206942
206943
206944
206945
206946
206947
206948
206949
206950
206951
206952
206953
206954
206955
206956
206957
206958
206959
206960
206961
206962
206963
206963.1
206964
206965
206966
206967
206968
206969
206970
206971
206972
206973
206974
206975
206976
206977
206978
206979
206980
206981
206982
206983
206984
206985
206986
206987
206988
206989
206990
206991
206992
206993
206994
206995
206996
206997
206998
206999
207000
207001
207002
207003
207004
207005
207006
207007
207008
207009
207010
207011
207012
207013
207014
207015
207016
207017
207018
207019
207020
207021
207022
207023
207024
207025
207026
207027
207028
207029
207030
207031
207032
207033
207034
207035
207036
207037
207038
207039
207040
207041
207042
207043
207044
207045
207046
207047
207048
207049
207050
207051
207052
207053
207054
207055
207056
207057
207058
207059
207060
207061
207062
207063
207064
207065
207066
207067
207068
207069
207070
207071
207072
207073
207074
207075
207076
603002
603002a
603003
603003a
603004
603004a
603006
603006a
603007
603007a
a00003
a00013
a00026
a00028
a00029
a00030
a00031
a00032
a00034
a00036
a00037
a00038
a00045
a00046
a00047
a00055
a00056
a00057
a00065
a00066
a00067
a00068
a00069
a00071
a00079
a00082
a00094
a00095
a00102
a00104
a00105
a00106
a00107
a00109
a00118
a00125
a00126
a00134
a00135
a00136
a00137
a00138
a00141
a00144
a00148
a00152
a00153
a00154
a00155
a00157
a00158
a00163
a00165
a00167
a00168
a00171
a00179
a00180
a00182
a00183
a00184
a00190
a00191
a00193
a00195
a00196
a00198
a00200
a00201
a00202
a00204
a00205
a00206
a00207
a00208
a00210
a00212
a00214
a00215
a00216
a00217
a00218
a00219
a00220
a00221
a00222
a00225
a00226
a00228
a00229
a00230
a00231
a00231.1
a00233
a00234
a00235
a00236
a00236.1
a00242
a00243
a00250
a00251
a00253
a00254
a00255
a00255.1
a00260
a00262
a00263
a00264
a00268
a00269
a00270
a00275
a00276
a00278
a00282
a00283
a00284
a00285
a00286
a00287
a00288
a00289
a00290
a00291
a00292
a00294
a00294.1
a00294.2
a00295
a00295.1
a00296
a00299
a00300
a00305
a00306
a00307
a00308
a00312
a00313
a00317
a00318
a00319
a00324
a00325
a00326
a00327
a00328
a00341
a00345
a00346
a00347
a00351
a00352
a00353
a00355
a00357
a00376
a00377
a00378
a00382
a00383
a00384
a00389
a00390
a00391
a00395
a00396
a00397
a00398
a00399
a00401
a00402
a00403
a00405
a00408
a00409
a00422
a00423
a00424
a00426
a00427
a00428
a00432
a00433
a00434
a00438
a00438.1
a00439
a00447
a00448
a00449
a00462
a00463
a00466
a00467
a00468
a00470
a00471
a00476
a00478
a00484
a00485
a00486
a00487
a00488
a00489
a00490
a00491
a00492
a00493
a00494
a00504
a00506
a00507
a00508
a00512
a00514
a00515
a00516
a00521
a00522
a00523
a00524
a00525
a00526
a00527
a00528
a00529
a00530
a00532
a00533
a00534
a00535
a00536
a00545
a00548
a00551
a00554
a00557
a00562
a00563
a00568
a00569
a00570
a00571
a00572
a00579
a00580
a00581
a00582
a00583
a00584
a00585
a00586
a00587
a00590
a00591
a00592
a00593
a00597
a00601
a00602
a00603
a00605
a00611
a00612
a00613
a00614
a00615
a00615.1
a00617
a00618
a00619
a00620
a00621
a00622
a00628
a00629
a00630
a00631
a00632
a00633
a00638
a00640
a00641
a00642
a00642.1
a00643
a00644
a00645
a00646
a00647
a00651
a00653
a00657
a00658
a00659
a00661
a00665
a00668
a00669
a00670
a00671
a00672
a00673
a00674
a00675
a00676
a00677
a00680
a00682
a00683
a00684
a00685
a00686
a00687
a00688
a00690
a00692
a00693
a00694
a00700
a00702
a00703
a00704
a00708
a00711
a00713
a00715
a00716
a00717
a00721
a00722
a00723
a00724
a00725
a00726
a00728
a00729
a00731
a00732
a00733
a00734
a00736
a00742
a00750
a00751
a00752
a00755
a00756
a00757
a00759
a00765
a00766
a00767
a00768
a00769
a00770
a00771
a00778
a00782
a00783
a00784
a00785
a00786
a00787
a00788
a00790
a00791
a00792
a00793
a00794
a00795
a00796
a00800
a00801
a00802
a00803
a00804
a00805
a00806
a00807
a00808
a00813
a00814
a00819
a00820
a00825
a00826
a00827
a00828
a00829
a00831
a00832
a00833
a00834
a00835
a00836
a00837
a00839
a00840
a00842
a00843
a00844
a00845
a00846
a00847
a00848
a00849
a00850
a00851
a00852
a00853
a00854
a00855
a00856
a00857
a00861
a00862
a00863
a00864
a00893
a00894
a00899
a00905
a00955
a00970
a00971
a01002
a01060
a01061
a01062
a01063
a01068
a01069
a01071
a01072
a01073
a01074
a01075
a01076
a01077
a01078
a01080
a01081
a01082
a01083
a01084
a01085
a01087
a01088
a01090
a01093
a01094
a01095
a01096
a01097
a01098
a01099
a01100
a01101
a01102
a01103
a01104
a01105
a01106
a01107
a01123
a01124
a01125
a01126
a01127
a01128
a01130
a01131
a01135
a01136
a01137
a01138
a01140
a01141
a01142
a01143
a01144
a01145
a01146
a01146.1
a01147
a01148
a01149
a01150
a01151
a01152
a01153
a01154
a01155
a01156
a01157
a01158
a01158.1
a01159
a01160
a01161
a01162
a01163
a01163.1
a01164
a01165
a01165.1
a01166
a01167
a01168
a01169
a01170
a01171
a01172
a01173
a01174
a01176
a01176.1
a01177
a01178
a01179
a01180
a01181
a01182
a01183
a01183.1
a01184
a01184.1
a01185
a01186
a01186.1
a01187
a01188
a01189
a01194
a01195
a01199
a01200
a01201
a01202
a01204
a01205
a01206
a01207
a01208
a01209
a01210
a01211
a01213
a01216
a01218
a01220
a01221
a01222
a01223
a01227
a01228
a01229
a01230
a01231
a01232
a01234
a01235
a01236
a01237
a01238
a01240
a01241
a01242
a01246
a01247
a01248
a01251
a01252
a01253
a01256
a01257
a01258
a01259
a01260
a01261
a01262
a01265
a01269
a01285
a01286
a01287
a01288
a01289
a01291
a01295
a01305
a01306
a01307
a01308
a01309
a01310
a01311
a01312
a01313
a01314
a01315
a01318
a01326
a01328
a01329
a01330
a01331
a01332
a01333
a01334
a01335
a01336
a01351
a01352
a01353
a01354
a01356
a01357
a01358
a01361
a01363
a01365
a01366
a01370
a01371
a01372
a01376
a01377
a01378
a01380
a01383
a01387
a01388
a01392
a01393
a01394
a01395
a01396
a01403
a01404
a01426
a01430
a01433
a01435
a01444
a01446
a01447
a01448
a01449
a01451
a01452
a01453
a01454
a01461
a01462
a01463
a01464
a01466
a01467
a01468
a01469
a01470
a01471
a01472
a01473
a01477
a01479
a01483
a01484
a01486
a01487
a01488
a01489
a01496
a01498
a01500
a01515
a01524
a01525
a01526
a01532
a01533
a01534
a01535
a01536
a01537
a01538
a01539
a01540
a01541
a01542
a01640
a01641
a01644
a01649
a01650
a01655
a01656
a01661
a01663
a01665
a01673
a01675
a01676
a01677
a01678
a01682
a01684
a01686
a01690
a01694
a01696
a01697
a01698
a01699
a01700
a01701
a01702
a01703
a01704
a01705
a01706
a01709
a01714
a01730
a01731
a01733
a01734
a01739
a01740
a01740.1
a01741
a01744
a01745
a01745.1
a01746
a01747
a01748
a01749
a01754
a01754.1
a01757
a01759
a01760
a01762
a01763
a01764
a01775
a01776
a01777
a01778
a01779
a01780
a01784
a01786
a01794
a01798
a01803
a01804
a01809
a01810
a01811
a01812
a01813
a01817
a01819
a01820
a01821
a01829
a01830
a01831
a01832
a01833
a01834
a01835
a01836
a01837
a01838
a01839
a01840
a01841
a01842
a01843
a01844
a01846
a01848
a01851
a01852
a01853
a01854
a01855
a01858
a01859
a01861
a01862
a01863
a01864
a01868
a01869
a01870
a01875
a01877
a01880
a01881
a01882
a01885
a01886
a01887
a01888
a01889
a01890
a01891
a01897
a01898
a01899
a01900
a01901
a01902
a01903
a01904
a01905
a01906
a01907
a01908
a01909
a01910
a01911
a01912
a01913
a01915
a01918
a01919
a01920
a01931
a01932
a01933
a01934
a01935
a01936
a01942
a01943
a01944
a01945
a01946
a01947
a01948
a01954
a01955
a01956
a01957
a01958
a01962
a01963
a01976
a01978
a01981
a02018
a02019
a02020
a02021
a02022
a02023
a02025
a02026
a02038
a02039
a02041
a02042
a02043
a02046
a02047
a02048
a02056
a02057
a02058
a02059
a02060
a02061
a02062
a02063
a02065
a02066
a02067
a02071
a02072
a02073
a02077
a02078
a02079
a02079.1
a02083
a02084
a02085
a02086
a02087
a02091
a02093
a02094
a02095
a02097
a02098
a02099
a02100
a02101
a02102
a02103
a02124
a02128
a02129
a02132
a02134
a02135
a02136
a02137
a02138
a02139
a02144
a02145
a02146
a02147
a02148
a02149
a02154
a02160
a02161
a02162
a02163
a02164
a02166
a02167
a02169
a02172
a02173
a02174
a02175
a02177
a02178
a02179
a02180
a02181
a02185
a02186
a02187
a02188
a02189
a02190
a02194
a02198
a02199
a02200
a02201
a02202
a02203
a02204
a02205
a02208
a02209
a02210
a02211
a02212
a02213
a02218
a02219
a02220
a02221
a02222
a02223
a02232
a02233
a02234
a02235
a02236
a02237
a02238
a02239
a02240
a02243
a02257
a02258
a02259
a02260
a02261
a02262
a02263
a02264
a02265
a02266
a02268
a02269
a02270
a02271
a02272
a02273
a02274
a02275
a02278
a02281
a02282
a02283
a02285
a02286
a02287
a02288
a02290
a02291
a02309
a02310
a02318
a02319
a02323
a02327
a02329
a02330
a02331
a02332
a02333
a02334
a02336
a02339
a02340
a02347
a02348
a02349
a02350
a02351
a02352
a02357
a02362
a02363
a02364
a02365
a02366
a02367
a02368
a02374
a02376
a02378
a02379
a02380
a02384
a02385
a02386
a02390
a02391
a02392
a02396
a02397
a02398
a02399
a02400
a02401
a02402
a02403
a02404
a02411
a02412
a02417
a02424
a02429
a02430
a02431
a02432
a02433
a02434
a02447
a02448
a02449
a02453
a02454
a02455
a02459
a02460
a02461
a02462
a02463
a02464
a02465
a02466
a02467
a02468
a02469
a02476
a02477
a02478
a02479
a02484
a02488
a02490
a02491
a02492
a02495
a02512
a02515
a02517
a02518
a02521
a02522
a02523
a02524
a02525
a02528
a02530
a02531
a02532
a02533
a02535
a02536
a02537
a02541
a02542
a02544
a02545
a02546
a02549
a02549.1
a02550
a02551
a02552
a02553
a02558
a02559
a02560
a02561
a02561.1
a02562
a02569
a02656
a02657
a02658
a02659
a02661
a02662
a02664
a02665
a02670
a02671
a02672
a02673
a02674
a02675
a02676
a02677
a02678
a02679
a02681
a02682
a02683
a02684
a02685
a02687
a02689
a02690
a02691
a02693
a02694
a02695
a02696
a02698
a02699
a02700
a02702
a02703
a02704
a02705
a02718
a02719
a02720
a02721
a02722
a02723
a02724
a02725
a02726
a02727
a02728
a02729
a02730
a02731
a02732
a02733
a02734
a02735
a02738
a02739
a02779
a02780
a02781
a02782
a02783
a02786
a02792
a02794
a02795
a02796
a02797
a02798
a02799
a02800
a02801
a02802
a02803
a02804
a02805
a02806
a02807
a02808
a02809
a02810
a02811
a02812
a02813
a02815
a02816
a02817
a02818
a02819
a02820
a02821
a02822
a02824
a02825
a02833
a02834
a02835
a02836
a02837
a02838
a02839
a02840
a02841
a02843
a02844
a02849
a02850
a02852
a02853
a02854
a02864
a02865
a02866
a02867
a02868
a02869
a02870
a02871
a02872
a02873
a02874
a02875
a02876
a02877
a02878
a02879
a02880
a02881
a02882
a03013
a03014
a03015
a03018
a03019
a03025
a03026
a03027
a03028
a03029
a03043
a03044
a03055
a03056
a03057
a03071
a03072
a03073
a03074
a03076
a03077
a03078
a03079
a03080
a03081
a03082
a03083
a03084
a03085
a03086
a03087
a03088
a03089
a03090
a03091
a03092
a03107
a03110
a03111
a03115
a03116
a03117
a03120
a03121
a03122
a03123
a03125
a03126
a03127
a03128
a03130
a03132
a03133
a03134
a03135
a03136
a03137
a03138
a03139
a03141
a03143
a03148
a03149
a03151
a03153
a03154
a03157
a03158
a03159
a03160
a03161
a03162
a03163
a03167
a03168
a03170
a03171
a03172
a03173
a03175
a03176
a03178
a03179
a03180
a03189
a03190
a03192
a03193
a03194
a03195
a03196
a03197
a03202
a03203
a03204
a03205
a03206
a03207
a03212
a03217
a03218
a03219
a03220
a03222
a03223
a03224
a03225
a03226
a03227
a03235
a03242
a03243
a03244
a03245
a03246
a03247
a03251
a03252
a03253
a03254
a03255
a03256
a03257
a03258
a03264
a03266
a03272
a03274
a03275
a03276
a03277
a03278
a03279
a03282
a03285
a03286
a03287
a03305
a03307
a03309
a03312
a03373
a03379
a03380
a03382
a03385
a03401
a03402
a03403
a03404
a03405
a03461
a03473
a03479
a03482
a03483
a03501
a03505
a03506
a03513
a03515
a03517
a03518
a03519
a03520
a03521
a03523
a03527
a03530
a03539
a03663
a03672
a03673
a03675
a03676
a03677
a03678
a03679
a03680
a03939
a03940
a03964
a03973
a04336
a04370
a04415
a04674
a04675
a04676
a04677
a04678
a04679
a04680
a04681
a04682
a04684
a04685
a04686
a04689
a04690
a04691
a04692
a04693
a04700
a04703
a04704
a04705
a04706
a04707
a04708
a04714
a04715
a04717
a04718
a04720
a04722
a04723
a04724
a04726
a04727
a04729
a04764
a04765
a04787
a04788
a04789
a04790
a04791
a04810
a04832
a04851
a04866
a04888
a04892
a04893
a04911
a04913
a04921
a04926
a04927
a04934
a04936
a05242
a05317
a05394
a05395
a05477
a05478
a05479
a05480
a05481
a05565
a05568
a05570
a05571
a05573
a05574
a05575
a05576
a05581
a05582
a05583
a05584
a05585
a05586
a05591
a05646
a05693
a05708
a05709
a05757
a05758
a05760
a05761
a05762
a05763
a05764
a05765
a05938
a05950
a05951
a05954
a05955
a05956
a06022
a06048
a06050
a06052
a06053
a06263
a06353
a06355
a06496
a06517
a06537
a06539
a06540
a06545
a06546
a06568
a06569
a06574
a06575
a06613
a06632
a06634
a06635
a06636
a06637
a06639
a06640
a06692
a06694
a06695
a06696
a06697
a06698
a06699
a06704
a06705
a06706
a06707
a06708
a06709
a06717
a06718
a06719
a06720
a06721
a06722
a06723
a06738
a06759
a06768
a06773
a06791
a06797
a06801
a06804
a06824
a06825
a06826
a06868
a06869
a06934
a06935
a06936
a06946
a06960
a06961
a06962
a06964
a06965
a06966
a06968
a06969
a06973
a07089
a07090
a07091
a07092
a07093
a07094
a07099
a07100
a07101
a07102
a07103
a07104
a07109
a07114
a07115
a07116
a07117
a07118
a07119
a07120
a07121
a07122
a07123
a07124
a07125
a07126
a07128
a07186
a07188
a07190
a07191
a07202
a07207
a07209
a07219
a07223
a07224
a07226
a07233
a07235
a07236
a07237
a07238
a07242
a07247
a07248
a07249
a07250
a07251
a07252
a07253
a07254
a07259
a07260
a07261
a07262
a07263
a07264
a07265
a07266
a07267
a07268
a07269
a07274
a07280
a07282
a07286
a07288
a07296
a07297
a07298
a07299
a07300
a07301
a07302
a07306
a07307
a07308
a07309
a07313
a07314
a07315
a07317
a07318
a07319
a07320
a07321
a07322
a07323
a07324
a07325
a07326
a07327
a07328
a07329
a07344
a07345
a07346
a07347
a07348
a07349
a07369
a07370
a07371
a07372
a07373
a07374
a07375
a07376
a07381
a07382
a07383
a07384
a07385
a07386
a07391
a07395
a07396
a07397
a07398
a07399
a07400
a07401
a07402
a07403
a07404
a07405
a07409
a07410
a07411
a07415
a07416
a07417
a07421
a07422
a07423
a07424
a07425
a07426
a07427
a07428
a07433
a07435
a07437
a07439
a07448
a07449
a07450
a07454
a07455
a07456
a07457
a07458
a07459
a07460
a07462
a07467
a07469
a07471
a07474
a07476
a07478
a07480
a07483
a07486
a07487
a07488
a07489
a07490
a07491
a07492
a07493
a07494
a07496
a07498
a07499
a07501
a07503
a07505
a07507
a07509
a07513
a07514
a07516
a07517
a07519
a07523
a07524
a07525
a07526
a07527
a07528
a07529
a07530
a07531
a07532
a07533
a07534
a07535
a07536
a07537
a07538
a07546
a07549
a07550
a07554
a07555
a07556
a07560
a07561
a07563
a07564
a07565
a07566
a07567
a07569
a07574
a07576
a07578
a07580
a07581
a07591
a07592
a07593
a07595
a07599
a07612
a07615
a07616
a07617
a07619
a07622
a07623
a07624
a07627
a07628
a07629
a07633
a07634
a07635
a07639
a07640
a07641
a07642
a07643
a07645
a07646
a07647
a07648
a07649
a07651
a07658
a07659
a07660
a07661
a07662
a07663
a07665
a07666
a07670
a07672
a07673
a07674
a07675
a07676
a07677
a07678
a07682
a07691
a07692
a07693
a07694
a07695
a07696
a07701
a07706
a07707
a07708
a07709
a07710
a07711
a07714
a07716
a07720
a07721
a07722
a07727
a07728
a07737
a07744
a07745
a07749
a07751
a07753
a07754
a07755
a07756
a07757
a07759
a07760
a07763
a07767
a07770
a07771
a07772
a07773
a07774
a07775
a07776
a07780
a07781
a07782
a07783
a07793
a07794
a07797
a07802
a07811
a07815
a07818
a07825
a07858
a07859
a07860
a07864
a07866
a07867
a07876
a07883
a07884
a07885
a07886
a07887
a07888
a07889
a07890
a07891
a07892
a07893
a07894
a07895
a07897
a07904
a07905
a07906
a07907
a07908
a07913
a07925
a07930
a07931
a07932
a07938
a07939
a07940
a07944
a07945
a07946
a07947
a07948
a07949
a07950
a07951
a07952
a07954
a07961
a07962
a07963
a07964
a07971
a07972
a07974
a07975
a07976
a07977
a07978
a07979
a07983
a07986
ah25133
ah25134
g00068
g00069
g00069.1
g00887
g00888
g00904
g00981
g01002
g01587
