920001
920001:cs
920002
920002:cs
920003
920003:cs
920004
920004:cs
920005
920005:cs
920006
920006:cs
920007
920007:cs
920008
920009
920009:cs
920010
920011
920012
920013
920014
920014:cs
920015
920015:cs
920016
920017
920018
920018:cs
920019
920020
920021
920022
920023
920024
920025
920026
920027
920028
920029
920030
920031
920032
920033
920034
920035
920036
920037
920038
920039
920040
920041
920042
920043
920044
920044:cs
920045
920046
920047
920048
920049
920050
920050:cs
920051
920052
920053
920054
920055
920056
920057
920058
920059
920060
920061
920062
920063
920064
920065
920066
920067
920068
920069
920070
920071
920072
920073
920074
920075
920076
920077
920078
920078a
920079
920080
920081
920082
920083
920084
920085
920086
920086.1
920087
920088
920089
920090
920091
920092
920093
920094
920095
920096
920097
920098
920099
920100
920101
920102
920102:cs
920103
920104
920105
920106
920107
920108
920109
920109:cs
920110
920110:cs
920111
920111:cs
920112
920112:cs
920113
920113a
920114
920115
920116
920116:cs
920117
920118
920118:cs
920118a
920118b
920118c
920118d
920118e
920118f
920119
920120
920121
920122
920123
920124
920125
920126
920127
920128
920129
920129:cs
920130
920131
920131:cs
920132
920133
920134
920135
920136
920137
920138
920139
920140
920141
920142
920143
920144
920145
920145:cs
920146
920146:cs
920147
920147:cs
920148
920149
920150
a00162
a00818
a01522
a01716
a01717
a01718
a01857
a02131
a02446
g00840
g00922
g01001
g01954
g01955
g01956
g01962
g01994
g02027
